time_ns	intensity
0.000000000	0
0.012207031	0
0.024414063	0
0.036621094	0
0.048828126	0
0.061035157	0
0.073242188	0
0.085449220	0
0.097656251	0
0.109863283	0
0.122070314	0
0.134277345	0
0.146484377	0
0.158691408	0
0.170898439	0
0.183105471	0
0.195312502	0
0.207519534	0
0.219726565	0
0.231933596	0
0.244140628	0
0.256347659	0
0.268554691	0
0.280761722	0
0.292968753	0
0.305175785	0
0.317382816	0
0.329589848	0
0.341796879	0
0.354003910	0
0.366210942	0
0.378417973	0
0.390625005	0
0.402832036	0
0.415039067	0
0.427246099	0
0.439453130	0
0.451660162	0
0.463867193	0
0.476074224	0
0.488281256	0
0.500488287	0
0.512695318	0
0.524902350	0
0.537109381	0
0.549316413	0
0.561523444	0
0.573730475	0
0.585937507	0
0.598144538	0
0.610351570	0
0.622558601	0
0.634765632	0
0.646972664	0
0.659179695	0
0.671386727	0
0.683593758	0
0.695800789	0
0.708007821	0
0.720214852	0
0.732421884	0
0.744628915	0
0.756835946	0
0.769042978	0
0.781250009	0
0.793457041	0
0.805664072	0
0.817871103	0
0.830078135	0
0.842285166	0
0.854492197	0
0.866699229	0
0.878906260	0
0.891113292	0
0.903320323	0
0.915527354	0
0.927734386	0
0.939941417	0
0.952148449	0
0.964355480	0
0.976562511	0
0.988769543	0
1.000976574	0
1.013183606	0
1.025390637	0
1.037597668	0
1.049804700	0
1.062011731	0
1.074218763	0
1.086425794	0
1.098632825	0
1.110839857	0
1.123046888	0
1.135253920	0
1.147460951	0
1.159667982	0
1.171875014	0
1.184082045	0
1.196289076	0
1.208496108	0
1.220703139	0
1.232910171	0
1.245117202	0
1.257324233	0
1.269531265	0
1.281738296	0
1.293945328	0
1.306152359	0
1.318359390	0
1.330566422	0
1.342773453	0
1.354980485	0
1.367187516	0
1.379394547	0
1.391601579	0
1.403808610	0
1.416015642	5
1.428222673	0
1.440429704	0
1.452636736	0
1.464843767	0
1.477050799	0
1.489257830	0
1.501464861	0
1.513671893	0
1.525878924	0
1.538085955	0
1.550292987	0
1.562500018	0
1.574707050	0
1.586914081	0
1.599121112	0
1.611328144	0
1.623535175	0
1.635742207	0
1.647949238	0
1.660156269	0
1.672363301	0
1.684570332	0
1.696777364	0
1.708984395	0
1.721191426	0
1.733398458	0
1.745605489	0
1.757812521	0
1.770019552	0
1.782226583	0
1.794433615	0
1.806640646	0
1.818847678	0
1.831054709	0
1.843261740	0
1.855468772	0
1.867675803	0
1.879882834	0
1.892089866	0
1.904296897	0
1.916503929	0
1.928710960	0
1.940917991	0
1.953125023	0
1.965332054	0
1.977539086	0
1.989746117	0
2.001953148	0
2.014160180	0
2.026367211	0
2.038574243	0
2.050781274	0
2.062988305	0
2.075195337	0
2.087402368	0
2.099609400	0
2.111816431	0
2.124023462	0
2.136230494	0
2.148437525	0
2.160644556	0
2.172851588	0
2.185058619	0
2.197265651	0
2.209472682	0
2.221679713	0
2.233886745	0
2.246093776	0
2.258300808	0
2.270507839	0
2.282714870	0
2.294921902	0
2.307128933	0
2.319335965	5
2.331542996	0
2.343750027	5
2.355957059	0
2.368164090	0
2.380371122	0
2.392578153	0
2.404785184	0
2.416992216	0
2.429199247	0
2.441406279	0
2.453613310	0
2.465820341	0
2.478027373	0
2.490234404	0
2.502441435	0
2.514648467	0
2.526855498	0
2.539062530	0
2.551269561	0
2.563476592	0
2.575683624	0
2.587890655	0
2.600097687	0
2.612304718	0
2.624511749	0
2.636718781	0
2.648925812	0
2.661132844	0
2.673339875	0
2.685546906	0
2.697753938	0
2.709960969	0
2.722168001	0
2.734375032	0
2.746582063	0
2.758789095	0
2.770996126	0
2.783203158	0
2.795410189	0
2.807617220	0
2.819824252	0
2.832031283	0
2.844238314	0
2.856445346	0
2.868652377	0
2.880859409	5
2.893066440	0
2.905273471	0
2.917480503	0
2.929687534	0
2.941894566	0
2.954101597	0
2.966308628	0
2.978515660	0
2.990722691	0
3.002929723	0
3.015136754	0
3.027343785	0
3.039550817	0
3.051757848	0
3.063964880	0
3.076171911	0
3.088378942	0
3.100585974	0
3.112793005	0
3.125000037	0
3.137207068	0
3.149414099	0
3.161621131	0
3.173828162	0
3.186035193	0
3.198242225	0
3.210449256	0
3.222656288	0
3.234863319	0
3.247070350	0
3.259277382	0
3.271484413	0
3.283691445	0
3.295898476	0
3.308105507	0
3.320312539	0
3.332519570	0
3.344726602	0
3.356933633	0
3.369140664	0
3.381347696	0
3.393554727	0
3.405761759	0
3.417968790	0
3.430175821	0
3.442382853	0
3.454589884	0
3.466796916	0
3.479003947	0
3.491210978	0
3.503418010	0
3.515625041	0
3.527832072	0
3.540039104	0
3.552246135	0
3.564453167	0
3.576660198	0
3.588867229	0
3.601074261	0
3.613281292	0
3.625488324	0
3.637695355	0
3.649902386	0
3.662109418	5
3.674316449	0
3.686523481	0
3.698730512	0
3.710937543	0
3.723144575	0
3.735351606	0
3.747558638	0
3.759765669	0
3.771972700	0
3.784179732	0
3.796386763	0
3.808593795	0
3.820800826	0
3.833007857	0
3.845214889	0
3.857421920	0
3.869628951	0
3.881835983	0
3.894043014	0
3.906250046	0
3.918457077	0
3.930664108	5
3.942871140	0
3.955078171	0
3.967285203	0
3.979492234	0
3.991699265	0
4.003906297	0
4.016113328	0
4.028320360	0
4.040527391	0
4.052734422	0
4.064941454	0
4.077148485	0
4.089355517	0
4.101562548	0
4.113769579	0
4.125976611	0
4.138183642	0
4.150390674	0
4.162597705	0
4.174804736	0
4.187011768	0
4.199218799	0
4.211425830	0
4.223632862	0
4.235839893	0
4.248046925	0
4.260253956	0
4.272460987	0
4.284668019	0
4.296875050	0
4.309082082	0
4.321289113	5
4.333496144	0
4.345703176	0
4.357910207	0
4.370117239	0
4.382324270	0
4.394531301	0
4.406738333	0
4.418945364	0
4.431152396	5
4.443359427	0
4.455566458	0
4.467773490	0
4.479980521	0
4.492187552	0
4.504394584	0
4.516601615	0
4.528808647	0
4.541015678	0
4.553222709	0
4.565429741	0
4.577636772	0
4.589843804	0
4.602050835	0
4.614257866	0
4.626464898	0
4.638671929	0
4.650878961	5
4.663085992	10
4.675293023	30
4.687500055	20
4.699707086	10
4.711914118	10
4.724121149	0
4.736328180	0
4.748535212	0
4.760742243	0
4.772949275	5
4.785156306	15
4.797363337	20
4.809570369	140
4.821777400	980
4.833984431	4195
4.846191463	14790
4.858398494	35600
4.870605526	58175
4.882812557	65535
4.895019588	53845
4.907226620	36200
4.919433651	23475
4.931640683	16195
4.943847714	12235
4.956054745	8395
4.968261777	5640
4.980468808	4490
4.992675840	3210
5.004882871	2890
5.017089902	2505
5.029296934	2005
5.041503965	1680
5.053710997	1655
5.065918028	1590
5.078125059	1485
5.090332091	1720
5.102539122	1505
5.114746154	1490
5.126953185	1670
5.139160216	1805
5.151367248	1855
5.163574279	2010
5.175781310	1960
5.187988342	1855
5.200195373	1880
5.212402405	1840
5.224609436	1835
5.236816467	1940
5.249023499	1805
5.261230530	1665
5.273437562	1615
5.285644593	1480
5.297851624	1360
5.310058656	1505
5.322265687	1260
5.334472719	1275
5.346679750	985
5.358886781	830
5.371093813	550
5.383300844	455
5.395507876	370
5.407714907	375
5.419921938	345
5.432128970	370
5.444336001	320
5.456543033	235
5.468750064	250
5.480957095	280
5.493164127	185
5.505371158	190
5.517578189	250
5.529785221	200
5.541992252	155
5.554199284	140
5.566406315	130
5.578613346	110
5.590820378	170
5.603027409	100
5.615234441	165
5.627441472	170
5.639648503	100
5.651855535	130
5.664062566	115
5.676269598	140
5.688476629	115
5.700683660	90
5.712890692	80
5.725097723	65
5.737304755	95
5.749511786	55
5.761718817	85
5.773925849	55
5.786132880	40
5.798339912	60
5.810546943	55
5.822753974	50
5.834961006	35
5.847168037	30
5.859375068	25
5.871582100	35
5.883789131	25
5.895996163	40
5.908203194	20
5.920410225	30
5.932617257	25
5.944824288	10
5.957031320	10
5.969238351	10
5.981445382	35
5.993652414	25
6.005859445	15
6.018066477	15
6.030273508	30
6.042480539	20
6.054687571	10
6.066894602	10
6.079101634	25
6.091308665	5
6.103515696	15
6.115722728	5
6.127929759	20
6.140136791	15
6.152343822	5
6.164550853	0
6.176757885	10
6.188964916	5
6.201171947	5
6.213378979	5
6.225586010	5
6.237793042	15
6.250000073	10
6.262207104	15
6.274414136	5
6.286621167	5
6.298828199	5
6.311035230	20
6.323242261	10
6.335449293	15
6.347656324	5
6.359863356	10
6.372070387	0
6.384277418	15
6.396484450	0
6.408691481	5
6.420898513	10
6.433105544	10
6.445312575	0
6.457519607	0
6.469726638	0
6.481933669	0
6.494140701	0
6.506347732	10
6.518554764	0
6.530761795	0
6.542968826	0
6.555175858	0
6.567382889	0
6.579589921	0
6.591796952	5
6.604003983	0
6.616211015	0
6.628418046	0
6.640625078	0
6.652832109	0
6.665039140	0
6.677246172	0
6.689453203	0
6.701660235	0
6.713867266	0
6.726074297	0
6.738281329	5
6.750488360	5
6.762695392	0
6.774902423	0
6.787109454	0
6.799316486	0
6.811523517	0
6.823730548	0
6.835937580	0
6.848144611	0
6.860351643	0
6.872558674	0
6.884765705	0
6.896972737	5
6.909179768	0
6.921386800	0
6.933593831	0
6.945800862	0
6.958007894	0
6.970214925	0
6.982421957	0
6.994628988	5
7.006836019	0
7.019043051	0
7.031250082	5
7.043457114	0
7.055664145	0
7.067871176	0
7.080078208	0
7.092285239	0
7.104492271	0
7.116699302	0
7.128906333	0
7.141113365	0
7.153320396	0
7.165527427	0
7.177734459	0
7.189941490	0
7.202148522	0
7.214355553	0
7.226562584	0
7.238769616	0
7.250976647	0
7.263183679	5
7.275390710	5
7.287597741	0
7.299804773	0
7.312011804	0
7.324218836	0
7.336425867	0
7.348632898	0
7.360839930	0
7.373046961	0
7.385253993	0
7.397461024	0
7.409668055	0
7.421875087	0
7.434082118	0
7.446289150	0
7.458496181	0
7.470703212	0
7.482910244	0
7.495117275	0
7.507324306	5
7.519531338	0
7.531738369	0
7.543945401	0
7.556152432	0
7.568359463	0
7.580566495	0
7.592773526	0
7.604980558	0
7.617187589	0
7.629394620	0
7.641601652	0
7.653808683	0
7.666015715	0
7.678222746	0
7.690429777	0
7.702636809	0
7.714843840	0
7.727050872	0
7.739257903	0
7.751464934	0
7.763671966	0
7.775878997	0
7.788086029	0
7.800293060	0
7.812500091	0
7.824707123	0
7.836914154	0
7.849121185	0
7.861328217	0
7.873535248	0
7.885742280	5
7.897949311	0
7.910156342	0
7.922363374	0
7.934570405	0
7.946777437	0
7.958984468	0
7.971191499	5
7.983398531	0
7.995605562	0
8.007812594	0
8.020019625	0
8.032226656	0
8.044433688	0
8.056640719	0
8.068847751	0
8.081054782	0
8.093261813	0
8.105468845	0
8.117675876	0
8.129882908	0
8.142089939	0
8.154296970	0
8.166504002	0
8.178711033	10
8.190918064	0
8.203125096	5
8.215332127	0
8.227539159	0
8.239746190	0
8.251953221	0
8.264160253	0
8.276367284	0
8.288574316	0
8.300781347	0
8.312988378	0
8.325195410	0
8.337402441	0
8.349609473	0
8.361816504	0
8.374023535	0
8.386230567	0
8.398437598	0
8.410644630	0
8.422851661	0
8.435058692	0
8.447265724	0
8.459472755	0
8.471679787	0
8.483886818	0
8.496093849	0
8.508300881	0
8.520507912	0
8.532714943	0
8.544921975	0
8.557129006	0
8.569336038	0
8.581543069	0
8.593750100	0
8.605957132	0
8.618164163	0
8.630371195	0
8.642578226	0
8.654785257	0
8.666992289	0
8.679199320	0
8.691406352	0
8.703613383	0
8.715820414	0
8.728027446	0
8.740234477	0
8.752441509	0
8.764648540	0
8.776855571	0
8.789062603	0
8.801269634	0
8.813476665	0
8.825683697	0
8.837890728	0
8.850097760	0
8.862304791	0
8.874511822	0
8.886718854	0
8.898925885	0
8.911132917	0
8.923339948	0
8.935546979	0
8.947754011	0
8.959961042	0
8.972168074	0
8.984375105	5
8.996582136	0
9.008789168	0
9.020996199	0
9.033203231	0
9.045410262	0
9.057617293	0
9.069824325	0
9.082031356	0
9.094238388	0
9.106445419	0
9.118652450	0
9.130859482	0
9.143066513	0
9.155273544	0
9.167480576	0
9.179687607	5
9.191894639	0
9.204101670	5
9.216308701	0
9.228515733	0
9.240722764	0
9.252929796	0
9.265136827	0
9.277343858	0
9.289550890	0
9.301757921	0
9.313964953	0
9.326171984	0
9.338379015	0
9.350586047	0
9.362793078	5
9.375000110	0
9.387207141	0
9.399414172	0
9.411621204	0
9.423828235	0
9.436035267	0
9.448242298	0
9.460449329	0
9.472656361	0
9.484863392	0
9.497070423	5
9.509277455	0
9.521484486	0
9.533691518	0
9.545898549	0
9.558105580	0
9.570312612	0
9.582519643	0
9.594726675	0
9.606933706	0
9.619140737	0
9.631347769	0
9.643554800	5
9.655761832	0
9.667968863	0
9.680175894	0
9.692382926	0
9.704589957	0
9.716796989	0
9.729004020	0
9.741211051	5
9.753418083	0
9.765625114	0
9.777832146	0
9.790039177	0
9.802246208	0
9.814453240	0
9.826660271	0
9.838867302	0
9.851074334	0
9.863281365	0
9.875488397	0
9.887695428	0
9.899902459	0
9.912109491	5
9.924316522	0
9.936523554	0
9.948730585	0
9.960937616	0
9.973144648	0
9.985351679	0
9.997558711	0
10.009765742	0
10.021972773	0
10.034179805	0
10.046386836	0
10.058593868	0
10.070800899	0
10.083007930	0
10.095214962	0
10.107421993	0
10.119629025	0
10.131836056	0
10.144043087	0
10.156250119	0
10.168457150	0
10.180664181	0
10.192871213	0
10.205078244	0
10.217285276	0
10.229492307	0
10.241699338	0
10.253906370	0
10.266113401	0
10.278320433	0
10.290527464	0
10.302734495	0
10.314941527	0
10.327148558	0
10.339355590	0
10.351562621	0
10.363769652	0
10.375976684	0
10.388183715	0
10.400390747	0
10.412597778	0
10.424804809	0
10.437011841	0
10.449218872	0
10.461425904	5
10.473632935	0
10.485839966	0
10.498046998	0
10.510254029	0
10.522461060	0
10.534668092	0
10.546875123	5
10.559082155	0
10.571289186	0
10.583496217	0
10.595703249	0
10.607910280	0
10.620117312	0
10.632324343	0
10.644531374	0
10.656738406	0
10.668945437	0
10.681152469	0
10.693359500	0
10.705566531	0
10.717773563	0
10.729980594	0
10.742187626	0
10.754394657	0
10.766601688	0
10.778808720	0
10.791015751	0
10.803222782	0
10.815429814	0
10.827636845	0
10.839843877	0
10.852050908	0
10.864257939	0
10.876464971	0
10.888672002	0
10.900879034	0
10.913086065	0
10.925293096	0
10.937500128	0
10.949707159	0
10.961914191	5
10.974121222	0
10.986328253	5
10.998535285	0
11.010742316	0
11.022949348	0
11.035156379	0
11.047363410	0
11.059570442	0
11.071777473	0
11.083984505	5
11.096191536	0
11.108398567	0
11.120605599	0
11.132812630	0
11.145019661	0
11.157226693	0
11.169433724	0
11.181640756	0
11.193847787	0
11.206054818	0
11.218261850	0
11.230468881	0
11.242675913	0
11.254882944	0
11.267089975	0
11.279297007	0
11.291504038	0
11.303711070	0
11.315918101	0
11.328125132	5
11.340332164	0
11.352539195	0
11.364746227	0
11.376953258	0
11.389160289	0
11.401367321	0
11.413574352	0
11.425781384	0
11.437988415	0
11.450195446	5
11.462402478	0
11.474609509	0
11.486816540	0
11.499023572	0
11.511230603	0
11.523437635	0
11.535644666	0
11.547851697	0
11.560058729	0
11.572265760	0
11.584472792	0
11.596679823	0
11.608886854	0
11.621093886	0
11.633300917	0
11.645507949	0
11.657714980	0
11.669922011	0
11.682129043	0
11.694336074	0
11.706543106	0
11.718750137	0
11.730957168	0
11.743164200	0
11.755371231	0
11.767578263	0
11.779785294	0
11.791992325	0
11.804199357	0
11.816406388	0
11.828613419	0
11.840820451	0
11.853027482	0
11.865234514	0
11.877441545	0
11.889648576	0
11.901855608	5
11.914062639	0
11.926269671	0
11.938476702	0
11.950683733	0
11.962890765	0
11.975097796	0
11.987304828	0
11.999511859	0
12.011718890	0
12.023925922	0
12.036132953	0
12.048339985	0
12.060547016	0
12.072754047	0
12.084961079	5
12.097168110	5
12.109375142	0
12.121582173	0
12.133789204	0
12.145996236	0
12.158203267	0
12.170410298	0
12.182617330	0
12.194824361	0
12.207031393	0
12.219238424	0
12.231445455	0
12.243652487	0
12.255859518	0
12.268066550	0
12.280273581	0
12.292480612	0
12.304687644	5
12.316894675	0
12.329101707	0
12.341308738	0
12.353515769	5
12.365722801	0
12.377929832	0
12.390136864	0
12.402343895	0
12.414550926	0
12.426757958	0
12.438964989	0
12.451172021	0
12.463379052	0
12.475586083	0
12.487793115	0
12.500000146	0
12.512207177	0
12.524414209	0
12.536621240	0
12.548828272	0
12.561035303	0
12.573242334	0
12.585449366	0
12.597656397	0
12.609863429	0
12.622070460	0
12.634277491	0
12.646484523	0
12.658691554	0
12.670898586	0
12.683105617	0
12.695312648	0
12.707519680	0
12.719726711	0
12.731933743	5
12.744140774	0
12.756347805	0
12.768554837	0
12.780761868	0
12.792968899	0
12.805175931	0
12.817382962	0
12.829589994	0
12.841797025	0
12.854004056	0
12.866211088	0
12.878418119	0
12.890625151	0
12.902832182	5
12.915039213	0
12.927246245	0
12.939453276	0
12.951660308	0
12.963867339	0
12.976074370	0
12.988281402	0
13.000488433	0
13.012695465	0
13.024902496	0
13.037109527	0
13.049316559	0
13.061523590	0
13.073730622	0
13.085937653	0
13.098144684	0
13.110351716	0
13.122558747	0
13.134765778	0
13.146972810	0
13.159179841	0
13.171386873	0
13.183593904	0
13.195800935	0
13.208007967	0
13.220214998	0
13.232422030	0
13.244629061	0
13.256836092	0
13.269043124	0
13.281250155	0
13.293457187	0
13.305664218	0
13.317871249	0
13.330078281	0
13.342285312	0
13.354492344	0
13.366699375	0
13.378906406	0
13.391113438	0
13.403320469	0
13.415527501	0
13.427734532	0
13.439941563	0
13.452148595	0
13.464355626	0
13.476562657	0
13.488769689	0
13.500976720	0
13.513183752	0
13.525390783	0
13.537597814	0
13.549804846	0
13.562011877	0
13.574218909	0
13.586425940	0
13.598632971	0
13.610840003	0
13.623047034	0
13.635254066	0
13.647461097	0
13.659668128	0
13.671875160	0
13.684082191	0
13.696289223	0
13.708496254	0
13.720703285	0
13.732910317	0
13.745117348	0
13.757324380	0
13.769531411	5
13.781738442	0
13.793945474	0
13.806152505	0
13.818359536	0
13.830566568	0
13.842773599	0
13.854980631	0
13.867187662	0
13.879394693	0
13.891601725	0
13.903808756	0
13.916015788	0
13.928222819	0
13.940429850	0
13.952636882	0
13.964843913	0
13.977050945	0
13.989257976	0
14.001465007	0
14.013672039	0
14.025879070	0
14.038086102	0
14.050293133	0
14.062500164	0
14.074707196	0
14.086914227	0
14.099121259	0
14.111328290	0
14.123535321	0
14.135742353	0
14.147949384	0
14.160156415	0
14.172363447	0
14.184570478	0
14.196777510	0
14.208984541	0
14.221191572	5
14.233398604	0
14.245605635	0
14.257812667	0
14.270019698	0
14.282226729	0
14.294433761	0
14.306640792	0
14.318847824	0
14.331054855	0
14.343261886	0
14.355468918	0
14.367675949	0
14.379882981	0
14.392090012	0
14.404297043	0
14.416504075	0
14.428711106	0
14.440918138	0
14.453125169	0
14.465332200	0
14.477539232	0
14.489746263	0
14.501953294	0
14.514160326	0
14.526367357	0
14.538574389	0
14.550781420	0
14.562988451	0
14.575195483	0
14.587402514	0
14.599609546	0
14.611816577	5
14.624023608	0
14.636230640	0
14.648437671	0
14.660644703	0
14.672851734	5
14.685058765	0
14.697265797	0
14.709472828	0
14.721679860	0
14.733886891	0
14.746093922	0
14.758300954	0
14.770507985	0
14.782715017	0
14.794922048	0
14.807129079	0
14.819336111	0
14.831543142	0
14.843750173	0
14.855957205	0
14.868164236	0
14.880371268	0
14.892578299	0
14.904785330	0
14.916992362	0
14.929199393	0
14.941406425	0
14.953613456	0
14.965820487	0
14.978027519	0
14.990234550	0
15.002441582	0
15.014648613	0
15.026855644	0
15.039062676	0
15.051269707	0
15.063476739	0
15.075683770	0
15.087890801	0
15.100097833	0
15.112304864	0
15.124511895	0
15.136718927	0
15.148925958	0
15.161132990	0
15.173340021	0
15.185547052	0
15.197754084	0
15.209961115	0
15.222168147	0
15.234375178	0
15.246582209	0
15.258789241	0
15.270996272	0
15.283203304	0
15.295410335	0
15.307617366	0
15.319824398	0
15.332031429	0
15.344238461	0
15.356445492	0
15.368652523	0
15.380859555	0
15.393066586	0
15.405273618	0
15.417480649	0
15.429687680	0
15.441894712	0
15.454101743	0
15.466308774	0
15.478515806	0
15.490722837	0
15.502929869	0
15.515136900	0
15.527343931	0
15.539550963	0
15.551757994	0
15.563965026	0
15.576172057	0
15.588379088	0
15.600586120	0
15.612793151	0
15.625000183	0
15.637207214	0
15.649414245	0
15.661621277	0
15.673828308	5
15.686035340	0
15.698242371	0
15.710449402	0
15.722656434	0
15.734863465	0
15.747070497	0
15.759277528	0
15.771484559	0
15.783691591	5
15.795898622	0
15.808105653	0
15.820312685	0
15.832519716	0
15.844726748	0
15.856933779	0
15.869140810	0
15.881347842	0
15.893554873	0
15.905761905	0
15.917968936	0
15.930175967	5
15.942382999	0
15.954590030	0
15.966797062	0
15.979004093	0
15.991211124	0
16.003418156	0
16.015625187	0
16.027832219	0
16.040039250	0
16.052246281	0
16.064453313	0
16.076660344	0
16.088867376	0
16.101074407	0
16.113281438	0
16.125488470	0
16.137695501	0
16.149902532	0
16.162109564	0
16.174316595	0
16.186523627	0
16.198730658	0
16.210937689	0
16.223144721	0
16.235351752	0
16.247558784	0
16.259765815	0
16.271972846	0
16.284179878	5
16.296386909	0
16.308593941	0
16.320800972	0
16.333008003	0
16.345215035	0
16.357422066	0
16.369629098	0
16.381836129	0
16.394043160	0
16.406250192	0
16.418457223	0
16.430664255	0
16.442871286	0
16.455078317	0
16.467285349	0
16.479492380	0
16.491699411	0
16.503906443	0
16.516113474	0
16.528320506	0
16.540527537	0
16.552734568	0
16.564941600	0
16.577148631	0
16.589355663	0
16.601562694	0
16.613769725	0
16.625976757	0
16.638183788	0
16.650390820	0
16.662597851	0
16.674804882	0
16.687011914	0
16.699218945	0
16.711425977	0
16.723633008	0
16.735840039	0
16.748047071	0
16.760254102	0
16.772461134	0
16.784668165	0
16.796875196	0
16.809082228	0
16.821289259	0
16.833496290	5
16.845703322	0
16.857910353	0
16.870117385	0
16.882324416	0
16.894531447	0
16.906738479	0
16.918945510	0
16.931152542	0
16.943359573	0
16.955566604	0
16.967773636	0
16.979980667	0
16.992187699	0
17.004394730	0
17.016601761	0
17.028808793	0
17.041015824	0
17.053222856	0
17.065429887	0
17.077636918	0
17.089843950	0
17.102050981	0
17.114258012	0
17.126465044	0
17.138672075	0
17.150879107	0
17.163086138	0
17.175293169	0
17.187500201	0
17.199707232	0
17.211914264	0
17.224121295	5
17.236328326	0
17.248535358	0
17.260742389	0
17.272949421	0
17.285156452	0
17.297363483	0
17.309570515	0
17.321777546	0
17.333984578	5
17.346191609	0
17.358398640	0
17.370605672	0
17.382812703	0
17.395019735	0
17.407226766	0
17.419433797	0
17.431640829	0
17.443847860	0
17.456054891	5
17.468261923	0
17.480468954	0
17.492675986	0
17.504883017	0
17.517090048	0
17.529297080	0
17.541504111	0
17.553711143	0
17.565918174	0
17.578125205	5
17.590332237	0
17.602539268	0
17.614746300	0
17.626953331	0
17.639160362	0
17.651367394	0
17.663574425	0
17.675781457	0
17.687988488	0
17.700195519	0
17.712402551	0
17.724609582	0
17.736816614	0
17.749023645	0
17.761230676	0
17.773437708	0
17.785644739	0
17.797851770	0
17.810058802	0
17.822265833	0
17.834472865	0
17.846679896	0
17.858886927	0
17.871093959	0
17.883300990	0
17.895508022	0
17.907715053	0
17.919922084	0
17.932129116	0
17.944336147	0
17.956543179	0
17.968750210	0
17.980957241	0
17.993164273	0
18.005371304	0
18.017578336	5
18.029785367	0
18.041992398	0
18.054199430	0
18.066406461	0
18.078613493	0
18.090820524	0
18.103027555	0
18.115234587	0
18.127441618	0
18.139648649	0
18.151855681	0
18.164062712	5
18.176269744	0
18.188476775	0
18.200683806	0
18.212890838	5
18.225097869	5
18.237304901	0
18.249511932	0
18.261718963	0
18.273925995	0
18.286133026	0
18.298340058	0
18.310547089	0
18.322754120	0
18.334961152	0
18.347168183	0
18.359375215	0
18.371582246	0
18.383789277	0
18.395996309	0
18.408203340	0
18.420410372	0
18.432617403	0
18.444824434	0
18.457031466	0
18.469238497	0
18.481445528	0
18.493652560	0
18.505859591	10
18.518066623	0
18.530273654	0
18.542480685	0
18.554687717	0
18.566894748	0
18.579101780	0
18.591308811	0
18.603515842	0
18.615722874	0
18.627929905	0
18.640136937	0
18.652343968	0
18.664550999	0
18.676758031	0
18.688965062	0
18.701172094	0
18.713379125	0
18.725586156	0
18.737793188	0
18.750000219	0
18.762207251	0
18.774414282	0
18.786621313	0
18.798828345	0
18.811035376	0
18.823242407	0
18.835449439	0
18.847656470	0
18.859863502	0
18.872070533	0
18.884277564	0
18.896484596	5
18.908691627	0
18.920898659	0
18.933105690	0
18.945312721	0
18.957519753	0
18.969726784	0
18.981933816	0
18.994140847	0
19.006347878	0
19.018554910	0
19.030761941	0
19.042968973	0
19.055176004	0
19.067383035	0
19.079590067	0
19.091797098	0
19.104004130	5
19.116211161	0
19.128418192	0
19.140625224	0
19.152832255	0
19.165039286	0
19.177246318	0
19.189453349	0
19.201660381	0
19.213867412	0
19.226074443	0
19.238281475	0
19.250488506	5
19.262695538	0
19.274902569	0
19.287109600	5
19.299316632	0
19.311523663	0
19.323730695	0
19.335937726	0
19.348144757	0
19.360351789	0
19.372558820	0
19.384765852	0
19.396972883	0
19.409179914	0
19.421386946	0
19.433593977	0
19.445801008	0
19.458008040	0
19.470215071	0
19.482422103	0
19.494629134	0
19.506836165	0
19.519043197	0
19.531250228	0
19.543457260	0
19.555664291	5
19.567871322	0
19.580078354	0
19.592285385	0
19.604492417	0
19.616699448	0
19.628906479	5
19.641113511	0
19.653320542	0
19.665527574	0
19.677734605	0
19.689941636	0
19.702148668	0
19.714355699	0
19.726562731	0
19.738769762	0
19.750976793	0
19.763183825	5
19.775390856	0
19.787597887	0
19.799804919	0
19.812011950	0
19.824218982	0
19.836426013	0
19.848633044	0
19.860840076	0
19.873047107	0
19.885254139	0
19.897461170	0
19.909668201	0
19.921875233	0
19.934082264	0
19.946289296	0
19.958496327	0
19.970703358	0
19.982910390	0
19.995117421	0
20.007324453	0
20.019531484	0
20.031738515	0
20.043945547	0
20.056152578	0
20.068359610	0
20.080566641	0
20.092773672	0
20.104980704	0
20.117187735	0
20.129394766	0
20.141601798	0
20.153808829	0
20.166015861	0
20.178222892	0
20.190429923	0
20.202636955	0
20.214843986	0
20.227051018	0
20.239258049	0
20.251465080	0
20.263672112	0
20.275879143	0
20.288086175	0
20.300293206	0
20.312500237	0
20.324707269	0
20.336914300	0
20.349121332	0
20.361328363	0
20.373535394	0
20.385742426	0
20.397949457	0
20.410156489	0
20.422363520	0
20.434570551	0
20.446777583	0
20.458984614	0
20.471191645	0
20.483398677	0
20.495605708	5
20.507812740	0
20.520019771	0
20.532226802	0
20.544433834	0
20.556640865	0
20.568847897	0
20.581054928	0
20.593261959	0
20.605468991	0
20.617676022	0
20.629883054	0
20.642090085	0
20.654297116	0
20.666504148	0
20.678711179	0
20.690918211	0
20.703125242	0
20.715332273	0
20.727539305	0
20.739746336	0
20.751953368	0
20.764160399	0
20.776367430	0
20.788574462	5
20.800781493	0
20.812988524	0
20.825195556	0
20.837402587	0
20.849609619	0
20.861816650	0
20.874023681	0
20.886230713	0
20.898437744	0
20.910644776	0
20.922851807	0
20.935058838	0
20.947265870	0
20.959472901	0
20.971679933	0
20.983886964	0
20.996093995	0
21.008301027	0
21.020508058	0
21.032715090	0
21.044922121	0
21.057129152	0
21.069336184	0
21.081543215	0
21.093750247	0
21.105957278	0
21.118164309	0
21.130371341	0
21.142578372	0
21.154785403	0
21.166992435	0
21.179199466	0
21.191406498	0
21.203613529	0
21.215820560	0
21.228027592	0
21.240234623	0
21.252441655	0
21.264648686	0
21.276855717	0
21.289062749	0
21.301269780	0
21.313476812	0
21.325683843	0
21.337890874	0
21.350097906	0
21.362304937	0
21.374511969	0
21.386719000	0
21.398926031	0
21.411133063	0
21.423340094	0
21.435547125	0
21.447754157	0
21.459961188	0
21.472168220	0
21.484375251	5
21.496582282	0
21.508789314	0
21.520996345	0
21.533203377	0
21.545410408	0
21.557617439	0
21.569824471	0
21.582031502	0
21.594238534	0
21.606445565	0
21.618652596	0
21.630859628	0
21.643066659	0
21.655273691	0
21.667480722	0
21.679687753	5
21.691894785	0
21.704101816	0
21.716308848	0
21.728515879	0
21.740722910	0
21.752929942	0
21.765136973	0
21.777344004	0
21.789551036	0
21.801758067	0
21.813965099	0
21.826172130	0
21.838379161	0
21.850586193	5
21.862793224	0
21.875000256	5
21.887207287	0
21.899414318	0
21.911621350	5
21.923828381	0
21.936035413	0
21.948242444	0
21.960449475	0
21.972656507	0
21.984863538	0
21.997070570	0
22.009277601	0
22.021484632	0
22.033691664	0
22.045898695	0
22.058105727	0
22.070312758	0
22.082519789	0
22.094726821	0
22.106933852	0
22.119140883	0
22.131347915	0
22.143554946	0
22.155761978	0
22.167969009	0
22.180176040	0
22.192383072	0
22.204590103	0
22.216797135	0
22.229004166	0
22.241211197	0
22.253418229	0
22.265625260	5
22.277832292	0
22.290039323	0
22.302246354	0
22.314453386	0
22.326660417	0
22.338867449	0
22.351074480	0
22.363281511	0
22.375488543	5
22.387695574	0
22.399902606	5
22.412109637	0
22.424316668	0
22.436523700	0
22.448730731	0
22.460937762	0
22.473144794	5
22.485351825	0
22.497558857	0
22.509765888	0
22.521972919	0
22.534179951	0
22.546386982	0
22.558594014	0
22.570801045	0
22.583008076	0
22.595215108	0
22.607422139	0
22.619629171	0
22.631836202	0
22.644043233	0
22.656250265	0
22.668457296	0
22.680664328	0
22.692871359	0
22.705078390	0
22.717285422	5
22.729492453	0
22.741699485	5
22.753906516	0
22.766113547	0
22.778320579	0
22.790527610	0
22.802734641	0
22.814941673	0
22.827148704	0
22.839355736	0
22.851562767	0
22.863769798	0
22.875976830	0
22.888183861	0
22.900390893	0
22.912597924	0
22.924804955	0
22.937011987	0
22.949219018	0
22.961426050	0
22.973633081	0
22.985840112	0
22.998047144	0
23.010254175	0
23.022461207	0
23.034668238	0
23.046875269	0
23.059082301	0
23.071289332	0
23.083496364	0
23.095703395	0
23.107910426	0
23.120117458	0
23.132324489	0
23.144531520	0
23.156738552	0
23.168945583	0
23.181152615	0
23.193359646	0
23.205566677	0
23.217773709	0
23.229980740	0
23.242187772	5
23.254394803	0
23.266601834	0
23.278808866	0
23.291015897	0
23.303222929	0
23.315429960	0
23.327636991	0
23.339844023	0
23.352051054	0
23.364258086	0
23.376465117	0
23.388672148	0
23.400879180	0
23.413086211	0
23.425293243	0
23.437500274	0
23.449707305	0
23.461914337	0
23.474121368	0
23.486328399	0
23.498535431	0
23.510742462	0
23.522949494	5
23.535156525	0
23.547363556	0
23.559570588	0
23.571777619	0
23.583984651	0
23.596191682	0
23.608398713	0
23.620605745	0
23.632812776	0
23.645019808	0
23.657226839	0
23.669433870	0
23.681640902	0
23.693847933	0
23.706054965	0
23.718261996	0
23.730469027	0
23.742676059	0
23.754883090	0
23.767090121	0
23.779297153	0
23.791504184	0
23.803711216	0
23.815918247	0
23.828125278	0
23.840332310	0
23.852539341	0
23.864746373	0
23.876953404	0
23.889160435	0
23.901367467	0
23.913574498	0
23.925781530	0
23.937988561	0
23.950195592	0
23.962402624	0
23.974609655	0
23.986816687	0
23.999023718	0
24.011230749	0
24.023437781	0
24.035644812	0
24.047851844	0
24.060058875	0
24.072265906	0
24.084472938	0
24.096679969	0
24.108887000	0
24.121094032	5
24.133301063	0
24.145508095	0
24.157715126	0
24.169922157	0
24.182129189	5
24.194336220	0
24.206543252	0
24.218750283	5
24.230957314	0
24.243164346	0
24.255371377	0
24.267578409	0
24.279785440	0
24.291992471	0
24.304199503	0
24.316406534	0
24.328613566	0
24.340820597	0
24.353027628	0
24.365234660	0
24.377441691	0
24.389648723	0
24.401855754	0
24.414062785	0
24.426269817	0
24.438476848	0
24.450683879	0
24.462890911	0
24.475097942	0
24.487304974	0
24.499512005	0
24.511719036	0
24.523926068	5
24.536133099	0
24.548340131	0
24.560547162	0
24.572754193	0
24.584961225	0
24.597168256	0
24.609375288	0
24.621582319	0
24.633789350	0
24.645996382	0
24.658203413	0
24.670410445	0
24.682617476	0
24.694824507	0
24.707031539	0
24.719238570	0
24.731445602	0
24.743652633	0
24.755859664	0
24.768066696	0
24.780273727	0
24.792480758	0
24.804687790	0
24.816894821	0
24.829101853	0
24.841308884	0
24.853515915	0
24.865722947	0
24.877929978	5
24.890137010	0
24.902344041	0
24.914551072	0
24.926758104	0
24.938965135	0
24.951172167	0
24.963379198	0
24.975586229	0
24.987793261	0
25.000000292	5
25.012207324	5
25.024414355	0
25.036621386	0
25.048828418	0
25.061035449	0
25.073242481	0
25.085449512	0
25.097656543	0
25.109863575	0
25.122070606	0
25.134277637	0
25.146484669	0
25.158691700	0
25.170898732	0
25.183105763	0
25.195312794	0
25.207519826	0
25.219726857	0
25.231933889	0
25.244140920	0
25.256347951	0
25.268554983	0
25.280762014	0
25.292969046	0
25.305176077	0
25.317383108	0
25.329590140	0
25.341797171	0
25.354004203	0
25.366211234	0
25.378418265	0
25.390625297	0
25.402832328	0
25.415039360	0
25.427246391	0
25.439453422	0
25.451660454	0
25.463867485	0
25.476074516	0
25.488281548	0
25.500488579	0
25.512695611	0
25.524902642	0
25.537109673	0
25.549316705	0
25.561523736	0
25.573730768	0
25.585937799	0
25.598144830	0
25.610351862	0
25.622558893	0
25.634765925	5
25.646972956	0
25.659179987	0
25.671387019	0
25.683594050	0
25.695801082	0
25.708008113	0
25.720215144	0
25.732422176	0
25.744629207	0
25.756836238	5
25.769043270	0
25.781250301	0
25.793457333	0
25.805664364	0
25.817871395	0
25.830078427	0
25.842285458	5
25.854492490	0
25.866699521	0
25.878906552	0
25.891113584	0
25.903320615	0
25.915527647	0
25.927734678	0
25.939941709	0
25.952148741	0
25.964355772	5
25.976562804	0
25.988769835	0
26.000976866	0
26.013183898	5
26.025390929	0
26.037597961	0
26.049804992	0
26.062012023	0
26.074219055	0
26.086426086	0
26.098633117	0
26.110840149	0
26.123047180	0
26.135254212	0
26.147461243	0
26.159668274	0
26.171875306	0
26.184082337	0
26.196289369	0
26.208496400	0
26.220703431	0
26.232910463	0
26.245117494	0
26.257324526	0
26.269531557	0
26.281738588	0
26.293945620	0
26.306152651	0
26.318359683	0
26.330566714	0
26.342773745	5
26.354980777	0
26.367187808	0
26.379394840	0
26.391601871	0
26.403808902	0
26.416015934	0
26.428222965	0
26.440429996	0
26.452637028	0
26.464844059	0
26.477051091	0
26.489258122	5
26.501465153	0
26.513672185	0
26.525879216	0
26.538086248	0
26.550293279	0
26.562500310	0
26.574707342	0
26.586914373	0
26.599121405	0
26.611328436	0
26.623535467	0
26.635742499	0
26.647949530	0
26.660156562	5
26.672363593	0
26.684570624	0
26.696777656	0
26.708984687	0
26.721191719	0
26.733398750	0
26.745605781	0
26.757812813	0
26.770019844	5
26.782226875	0
26.794433907	0
26.806640938	0
26.818847970	0
26.831055001	5
26.843262032	0
26.855469064	0
26.867676095	0
26.879883127	0
26.892090158	0
26.904297189	0
26.916504221	0
26.928711252	0
26.940918284	0
26.953125315	0
26.965332346	0
26.977539378	0
26.989746409	0
27.001953441	0
27.014160472	0
27.026367503	0
27.038574535	0
27.050781566	0
27.062988598	0
27.075195629	0
27.087402660	0
27.099609692	0
27.111816723	0
27.124023754	0
27.136230786	0
27.148437817	5
27.160644849	0
27.172851880	0
27.185058911	0
27.197265943	0
27.209472974	0
27.221680006	0
27.233887037	0
27.246094068	0
27.258301100	0
27.270508131	5
27.282715163	0
27.294922194	0
27.307129225	0
27.319336257	0
27.331543288	0
27.343750320	0
27.355957351	0
27.368164382	0
27.380371414	0
27.392578445	0
27.404785477	0
27.416992508	0
27.429199539	0
27.441406571	0
27.453613602	0
27.465820633	0
27.478027665	0
27.490234696	0
27.502441728	0
27.514648759	0
27.526855790	0
27.539062822	0
27.551269853	0
27.563476885	5
27.575683916	0
27.587890947	0
27.600097979	0
27.612305010	0
27.624512042	0
27.636719073	0
27.648926104	5
27.661133136	0
27.673340167	0
27.685547199	0
27.697754230	0
27.709961261	0
27.722168293	0
27.734375324	0
27.746582355	0
27.758789387	0
27.770996418	0
27.783203450	0
27.795410481	0
27.807617512	0
27.819824544	0
27.832031575	0
27.844238607	0
27.856445638	0
27.868652669	0
27.880859701	0
27.893066732	0
27.905273764	0
27.917480795	0
27.929687826	0
27.941894858	0
27.954101889	0
27.966308921	0
27.978515952	0
27.990722983	0
28.002930015	0
28.015137046	0
28.027344078	0
28.039551109	0
28.051758140	0
28.063965172	0
28.076172203	5
28.088379234	0
28.100586266	0
28.112793297	0
28.125000329	5
28.137207360	0
28.149414391	0
28.161621423	0
28.173828454	0
28.186035486	0
28.198242517	0
28.210449548	0
28.222656580	0
28.234863611	0
28.247070643	0
28.259277674	0
28.271484705	0
28.283691737	0
28.295898768	0
28.308105800	0
28.320312831	0
28.332519862	0
28.344726894	0
28.356933925	0
28.369140957	0
28.381347988	0
28.393555019	0
28.405762051	0
28.417969082	0
28.430176113	0
28.442383145	0
28.454590176	0
28.466797208	0
28.479004239	0
28.491211270	0
28.503418302	0
28.515625333	0
28.527832365	0
28.540039396	0
28.552246427	0
28.564453459	0
28.576660490	0
28.588867522	0
28.601074553	0
28.613281584	0
28.625488616	0
28.637695647	0
28.649902679	0
28.662109710	0
28.674316741	0
28.686523773	0
28.698730804	0
28.710937836	0
28.723144867	0
28.735351898	0
28.747558930	0
28.759765961	0
28.771972992	0
28.784180024	0
28.796387055	0
28.808594087	5
28.820801118	0
28.833008149	0
28.845215181	0
28.857422212	0
28.869629244	0
28.881836275	0
28.894043306	0
28.906250338	0
28.918457369	0
28.930664401	0
28.942871432	0
28.955078463	0
28.967285495	0
28.979492526	0
28.991699558	0
29.003906589	0
29.016113620	0
29.028320652	0
29.040527683	0
29.052734715	0
29.064941746	0
29.077148777	0
29.089355809	0
29.101562840	0
29.113769871	0
29.125976903	0
29.138183934	0
29.150390966	0
29.162597997	0
29.174805028	0
29.187012060	0
29.199219091	0
29.211426123	0
29.223633154	0
29.235840185	0
29.248047217	0
29.260254248	10
29.272461280	0
29.284668311	0
29.296875342	0
29.309082374	0
29.321289405	5
29.333496437	0
29.345703468	0
29.357910499	0
29.370117531	0
29.382324562	0
29.394531594	0
29.406738625	0
29.418945656	0
29.431152688	0
29.443359719	0
29.455566750	0
29.467773782	0
29.479980813	0
29.492187845	0
29.504394876	0
29.516601907	0
29.528808939	0
29.541015970	0
29.553223002	0
29.565430033	0
29.577637064	5
29.589844096	0
29.602051127	0
29.614258159	0
29.626465190	0
29.638672221	0
29.650879253	0
29.663086284	0
29.675293316	0
29.687500347	0
29.699707378	0
29.711914410	0
29.724121441	0
29.736328473	0
29.748535504	0
29.760742535	0
29.772949567	0
29.785156598	0
29.797363629	0
29.809570661	0
29.821777692	0
29.833984724	0
29.846191755	0
29.858398786	0
29.870605818	0
29.882812849	0
29.895019881	0
29.907226912	0
29.919433943	0
29.931640975	0
29.943848006	0
29.956055038	0
29.968262069	0
29.980469100	0
29.992676132	0
30.004883163	0
30.017090195	0
30.029297226	0
30.041504257	0
30.053711289	0
30.065918320	0
30.078125351	0
30.090332383	0
30.102539414	0
30.114746446	0
30.126953477	0
30.139160508	0
30.151367540	0
30.163574571	0
30.175781603	0
30.187988634	0
30.200195665	0
30.212402697	0
30.224609728	0
30.236816760	0
30.249023791	0
30.261230822	0
30.273437854	5
30.285644885	0
30.297851917	5
30.310058948	0
30.322265979	0
30.334473011	0
30.346680042	0
30.358887074	0
30.371094105	0
30.383301136	0
30.395508168	0
30.407715199	0
30.419922230	0
30.432129262	0
30.444336293	0
30.456543325	0
30.468750356	0
30.480957387	0
30.493164419	0
30.505371450	0
30.517578482	0
30.529785513	0
30.541992544	0
30.554199576	0
30.566406607	0
30.578613639	0
30.590820670	0
30.603027701	0
30.615234733	0
30.627441764	0
30.639648796	0
30.651855827	0
30.664062858	0
30.676269890	0
30.688476921	0
30.700683953	0
30.712890984	0
30.725098015	0
30.737305047	0
30.749512078	0
30.761719109	0
30.773926141	0
30.786133172	5
30.798340204	0
30.810547235	0
30.822754266	0
30.834961298	0
30.847168329	0
30.859375361	0
30.871582392	0
30.883789423	0
30.895996455	0
30.908203486	5
30.920410518	0
30.932617549	0
30.944824580	0
30.957031612	0
30.969238643	0
30.981445675	0
30.993652706	0
31.005859737	0
31.018066769	0
31.030273800	0
31.042480832	0
31.054687863	0
31.066894894	0
31.079101926	0
31.091308957	0
31.103515988	0
31.115723020	0
31.127930051	0
31.140137083	0
31.152344114	0
31.164551145	0
31.176758177	0
31.188965208	5
31.201172240	0
31.213379271	0
31.225586302	5
31.237793334	0
31.250000365	0
31.262207397	0
31.274414428	0
31.286621459	0
31.298828491	0
31.311035522	0
31.323242554	0
31.335449585	5
31.347656616	0
31.359863648	0
31.372070679	0
31.384277711	0
31.396484742	0
31.408691773	0
31.420898805	0
31.433105836	0
31.445312867	0
31.457519899	0
31.469726930	0
31.481933962	0
31.494140993	0
31.506348024	0
31.518555056	0
31.530762087	0
31.542969119	0
31.555176150	0
31.567383181	10
31.579590213	0
31.591797244	0
31.604004276	0
31.616211307	0
31.628418338	0
31.640625370	0
31.652832401	0
31.665039433	0
31.677246464	0
31.689453495	0
31.701660527	0
31.713867558	5
31.726074590	0
31.738281621	0
31.750488652	0
31.762695684	0
31.774902715	0
31.787109746	0
31.799316778	0
31.811523809	0
31.823730841	0
31.835937872	5
31.848144903	0
31.860351935	0
31.872558966	0
31.884765998	0
31.896973029	0
31.909180060	0
31.921387092	5
31.933594123	0
31.945801155	0
31.958008186	0
31.970215217	5
31.982422249	0
31.994629280	0
32.006836312	0
32.019043343	0
32.031250374	0
32.043457406	0
32.055664437	0
32.067871468	0
32.080078500	0
32.092285531	0
32.104492563	0
32.116699594	0
32.128906625	0
32.141113657	0
32.153320688	0
32.165527720	0
32.177734751	0
32.189941782	0
32.202148814	0
32.214355845	0
32.226562877	0
32.238769908	0
32.250976939	0
32.263183971	0
32.275391002	0
32.287598034	0
32.299805065	0
32.312012096	0
32.324219128	0
32.336426159	0
32.348633191	0
32.360840222	0
32.373047253	0
32.385254285	0
32.397461316	0
32.409668347	0
32.421875379	0
32.434082410	0
32.446289442	0
32.458496473	0
32.470703504	0
32.482910536	0
32.495117567	0
32.507324599	0
32.519531630	5
32.531738661	0
32.543945693	5
32.556152724	0
32.568359756	0
32.580566787	0
32.592773818	0
32.604980850	0
32.617187881	0
32.629394913	0
32.641601944	0
32.653808975	0
32.666016007	0
32.678223038	0
32.690430070	0
32.702637101	0
32.714844132	0
32.727051164	0
32.739258195	0
32.751465226	0
32.763672258	0
32.775879289	5
32.788086321	0
32.800293352	0
32.812500383	0
32.824707415	0
32.836914446	0
32.849121478	0
32.861328509	0
32.873535540	0
32.885742572	0
32.897949603	0
32.910156635	0
32.922363666	0
32.934570697	0
32.946777729	0
32.958984760	0
32.971191792	0
32.983398823	0
32.995605854	0
33.007812886	0
33.020019917	0
33.032226949	0
33.044433980	0
33.056641011	0
33.068848043	0
33.081055074	0
33.093262105	0
33.105469137	0
33.117676168	0
33.129883200	5
33.142090231	0
33.154297262	0
33.166504294	0
33.178711325	0
33.190918357	0
33.203125388	0
33.215332419	0
33.227539451	0
33.239746482	0
33.251953514	0
33.264160545	0
33.276367576	0
33.288574608	5
33.300781639	0
33.312988671	0
33.325195702	0
33.337402733	0
33.349609765	0
33.361816796	0
33.374023828	0
33.386230859	0
33.398437890	0
33.410644922	0
33.422851953	0
33.435058984	0
33.447266016	0
33.459473047	0
33.471680079	0
33.483887110	0
33.496094141	0
33.508301173	0
33.520508204	0
33.532715236	0
33.544922267	0
33.557129298	0
33.569336330	0
33.581543361	0
33.593750393	0
33.605957424	0
33.618164455	0
33.630371487	0
33.642578518	0
33.654785550	0
33.666992581	0
33.679199612	0
33.691406644	0
33.703613675	0
33.715820707	0
33.728027738	0
33.740234769	0
33.752441801	0
33.764648832	0
33.776855863	0
33.789062895	0
33.801269926	0
33.813476958	0
33.825683989	0
33.837891020	0
33.850098052	0
33.862305083	0
33.874512115	0
33.886719146	0
33.898926177	0
33.911133209	0
33.923340240	0
33.935547272	0
33.947754303	0
33.959961334	0
33.972168366	0
33.984375397	0
33.996582429	0
34.008789460	0
34.020996491	0
34.033203523	0
34.045410554	0
34.057617586	0
34.069824617	0
34.082031648	0
34.094238680	0
34.106445711	0
34.118652742	0
34.130859774	0
34.143066805	0
34.155273837	0
34.167480868	0
34.179687899	0
34.191894931	0
34.204101962	0
34.216308994	0
34.228516025	0
34.240723056	0
34.252930088	0
34.265137119	0
34.277344151	0
34.289551182	0
34.301758213	0
34.313965245	0
34.326172276	0
34.338379308	0
34.350586339	0
34.362793370	0
34.375000402	0
34.387207433	5
34.399414464	0
34.411621496	0
34.423828527	0
34.436035559	0
34.448242590	0
34.460449621	0
34.472656653	0
34.484863684	0
34.497070716	0
34.509277747	0
34.521484778	0
34.533691810	5
34.545898841	0
34.558105873	0
34.570312904	0
34.582519935	0
34.594726967	0
34.606933998	0
34.619141030	0
34.631348061	0
34.643555092	0
34.655762124	0
34.667969155	0
34.680176187	0
34.692383218	0
34.704590249	0
34.716797281	0
34.729004312	0
34.741211343	0
34.753418375	0
34.765625406	0
34.777832438	0
34.790039469	0
34.802246500	0
34.814453532	0
34.826660563	0
34.838867595	0
34.851074626	0
34.863281657	0
34.875488689	0
34.887695720	0
34.899902752	0
34.912109783	0
34.924316814	0
34.936523846	0
34.948730877	0
34.960937909	0
34.973144940	0
34.985351971	0
34.997559003	0
35.009766034	0
35.021973066	0
35.034180097	0
35.046387128	0
35.058594160	5
35.070801191	0
35.083008222	0
35.095215254	0
35.107422285	0
35.119629317	0
35.131836348	0
35.144043379	0
35.156250411	0
35.168457442	0
35.180664474	0
35.192871505	0
35.205078536	0
35.217285568	0
35.229492599	0
35.241699631	0
35.253906662	0
35.266113693	0
35.278320725	0
35.290527756	0
35.302734788	0
35.314941819	0
35.327148850	0
35.339355882	0
35.351562913	0
35.363769945	0
35.375976976	0
35.388184007	0
35.400391039	0
35.412598070	0
35.424805101	0
35.437012133	0
35.449219164	0
35.461426196	0
35.473633227	5
35.485840258	0
35.498047290	0
35.510254321	0
35.522461353	0
35.534668384	0
35.546875415	0
35.559082447	0
35.571289478	0
35.583496510	0
35.595703541	0
35.607910572	0
35.620117604	0
35.632324635	0
35.644531667	0
35.656738698	0
35.668945729	0
35.681152761	0
35.693359792	0
35.705566824	0
35.717773855	0
35.729980886	5
35.742187918	0
35.754394949	0
35.766601980	0
35.778809012	0
35.791016043	0
35.803223075	0
35.815430106	0
35.827637137	0
35.839844169	0
35.852051200	0
35.864258232	5
35.876465263	0
35.888672294	0
35.900879326	0
35.913086357	0
35.925293389	0
35.937500420	0
35.949707451	0
35.961914483	0
35.974121514	0
35.986328546	0
35.998535577	0
36.010742608	0
36.022949640	0
36.035156671	0
36.047363703	0
36.059570734	0
36.071777765	0
36.083984797	0
36.096191828	0
36.108398859	0
36.120605891	0
36.132812922	0
36.145019954	0
36.157226985	5
36.169434016	0
36.181641048	0
36.193848079	0
36.206055111	0
36.218262142	0
36.230469173	0
36.242676205	0
36.254883236	0
36.267090268	0
36.279297299	0
36.291504330	0
36.303711362	0
36.315918393	0
36.328125425	0
36.340332456	0
36.352539487	0
36.364746519	0
36.376953550	0
36.389160581	0
36.401367613	0
36.413574644	0
36.425781676	0
36.437988707	0
36.450195738	0
36.462402770	0
36.474609801	0
36.486816833	0
36.499023864	0
36.511230895	0
36.523437927	0
36.535644958	0
36.547851990	0
36.560059021	0
36.572266052	5
36.584473084	0
36.596680115	0
36.608887147	0
36.621094178	0
36.633301209	0
36.645508241	0
36.657715272	0
36.669922304	5
36.682129335	0
36.694336366	0
36.706543398	0
36.718750429	0
36.730957460	0
36.743164492	0
36.755371523	0
36.767578555	0
36.779785586	0
36.791992617	0
36.804199649	0
36.816406680	0
36.828613712	0
36.840820743	0
36.853027774	0
36.865234806	0
36.877441837	0
36.889648869	0
36.901855900	0
36.914062931	0
36.926269963	0
36.938476994	0
36.950684026	0
36.962891057	0
36.975098088	0
36.987305120	0
36.999512151	0
37.011719183	0
37.023926214	0
37.036133245	0
37.048340277	0
37.060547308	0
37.072754339	0
37.084961371	0
37.097168402	5
37.109375434	0
37.121582465	0
37.133789496	0
37.145996528	0
37.158203559	0
37.170410591	0
37.182617622	0
37.194824653	0
37.207031685	0
37.219238716	0
37.231445748	0
37.243652779	0
37.255859810	0
37.268066842	0
37.280273873	0
37.292480905	0
37.304687936	0
37.316894967	0
37.329101999	0
37.341309030	0
37.353516062	0
37.365723093	0
37.377930124	0
37.390137156	0
37.402344187	0
37.414551218	0
37.426758250	0
37.438965281	0
37.451172313	0
37.463379344	0
37.475586375	0
37.487793407	0
37.500000438	5
37.512207470	0
37.524414501	0
37.536621532	0
37.548828564	0
37.561035595	0
37.573242627	5
37.585449658	0
37.597656689	0
37.609863721	0
37.622070752	0
37.634277784	0
37.646484815	0
37.658691846	0
37.670898878	0
37.683105909	0
37.695312941	0
37.707519972	0
37.719727003	0
37.731934035	5
37.744141066	0
37.756348097	0
37.768555129	0
37.780762160	0
37.792969192	0
37.805176223	0
37.817383254	0
37.829590286	0
37.841797317	0
37.854004349	0
37.866211380	0
37.878418411	0
37.890625443	0
37.902832474	0
37.915039506	0
37.927246537	0
37.939453568	0
37.951660600	5
37.963867631	0
37.976074663	0
37.988281694	0
38.000488725	5
38.012695757	0
38.024902788	0
38.037109820	0
38.049316851	0
38.061523882	0
38.073730914	0
38.085937945	0
38.098144976	0
38.110352008	0
38.122559039	0
38.134766071	0
38.146973102	0
38.159180133	0
38.171387165	0
38.183594196	5
38.195801228	0
38.208008259	0
38.220215290	0
38.232422322	0
38.244629353	0
38.256836385	0
38.269043416	0
38.281250447	0
38.293457479	0
38.305664510	0
38.317871542	0
38.330078573	0
38.342285604	0
38.354492636	0
38.366699667	0
38.378906698	0
38.391113730	0
38.403320761	0
38.415527793	0
38.427734824	0
38.439941855	0
38.452148887	5
38.464355918	0
38.476562950	0
38.488769981	0
38.500977012	0
38.513184044	0
38.525391075	0
38.537598107	0
38.549805138	0
38.562012169	0
38.574219201	5
38.586426232	0
38.598633264	0
38.610840295	0
38.623047326	5
38.635254358	0
38.647461389	0
38.659668421	0
38.671875452	0
38.684082483	0
38.696289515	5
38.708496546	5
38.720703577	0
38.732910609	0
38.745117640	0
38.757324672	0
38.769531703	0
38.781738734	0
38.793945766	0
38.806152797	0
38.818359829	0
38.830566860	0
38.842773891	0
38.854980923	0
38.867187954	0
38.879394986	0
38.891602017	0
38.903809048	0
38.916016080	0
38.928223111	0
38.940430143	5
38.952637174	0
38.964844205	0
38.977051237	0
38.989258268	0
39.001465300	0
39.013672331	0
39.025879362	0
39.038086394	0
39.050293425	0
39.062500456	0
39.074707488	0
39.086914519	0
39.099121551	5
39.111328582	0
39.123535613	0
39.135742645	0
39.147949676	0
39.160156708	0
39.172363739	0
39.184570770	0
39.196777802	5
39.208984833	0
39.221191865	0
39.233398896	0
39.245605927	0
39.257812959	0
39.270019990	0
39.282227022	0
39.294434053	5
39.306641084	0
39.318848116	0
39.331055147	0
39.343262179	0
39.355469210	0
39.367676241	0
39.379883273	0
39.392090304	0
39.404297335	0
39.416504367	0
39.428711398	0
39.440918430	0
39.453125461	0
39.465332492	0
39.477539524	0
39.489746555	0
39.501953587	0
39.514160618	0
39.526367649	0
39.538574681	0
39.550781712	5
39.562988744	0
39.575195775	0
39.587402806	0
39.599609838	0
39.611816869	0
39.624023901	0
39.636230932	0
39.648437963	0
39.660644995	0
39.672852026	0
39.685059058	0
39.697266089	0
39.709473120	0
39.721680152	0
39.733887183	0
39.746094214	0
39.758301246	0
39.770508277	0
39.782715309	0
39.794922340	0
39.807129371	0
39.819336403	0
39.831543434	0
39.843750466	0
39.855957497	0
39.868164528	0
39.880371560	0
39.892578591	0
39.904785623	0
39.916992654	0
39.929199685	0
39.941406717	0
39.953613748	0
39.965820780	0
39.978027811	0
39.990234842	0
40.002441874	0
40.014648905	0
40.026855937	0
40.039062968	0
40.051269999	0
40.063477031	0
40.075684062	0
40.087891093	0
40.100098125	0
40.112305156	0
40.124512188	0
40.136719219	0
40.148926250	0
40.161133282	0
40.173340313	0
40.185547345	0
40.197754376	0
40.209961407	0
40.222168439	0
40.234375470	0
40.246582502	0
40.258789533	0
40.270996564	0
40.283203596	0
40.295410627	0
40.307617659	0
40.319824690	0
40.332031721	0
40.344238753	0
40.356445784	0
40.368652816	0
40.380859847	0
40.393066878	0
40.405273910	0
40.417480941	0
40.429687972	0
40.441895004	0
40.454102035	0
40.466309067	0
40.478516098	0
40.490723129	0
40.502930161	0
40.515137192	0
40.527344224	0
40.539551255	0
40.551758286	0
40.563965318	0
40.576172349	0
40.588379381	0
40.600586412	0
40.612793443	0
40.625000475	0
40.637207506	0
40.649414538	0
40.661621569	5
40.673828600	0
40.686035632	0
40.698242663	0
40.710449694	5
40.722656726	0
40.734863757	0
40.747070789	0
40.759277820	0
40.771484851	5
40.783691883	0
40.795898914	0
40.808105946	0
40.820312977	0
40.832520008	0
40.844727040	0
40.856934071	0
40.869141103	0
40.881348134	0
40.893555165	0
40.905762197	0
40.917969228	0
40.930176260	0
40.942383291	0
40.954590322	0
40.966797354	0
40.979004385	0
40.991211417	0
41.003418448	0
41.015625479	0
41.027832511	0
41.040039542	0
41.052246573	0
41.064453605	0
41.076660636	0
41.088867668	0
41.101074699	0
41.113281730	0
41.125488762	0
41.137695793	0
41.149902825	0
41.162109856	0
41.174316887	0
41.186523919	5
41.198730950	0
41.210937982	5
41.223145013	0
41.235352044	0
41.247559076	0
41.259766107	0
41.271973139	0
41.284180170	0
41.296387201	5
41.308594233	0
41.320801264	5
41.333008296	0
41.345215327	0
41.357422358	0
41.369629390	0
41.381836421	0
41.394043452	0
41.406250484	0
41.418457515	0
41.430664547	0
41.442871578	0
41.455078609	0
41.467285641	0
41.479492672	5
41.491699704	0
41.503906735	0
41.516113766	0
41.528320798	0
41.540527829	0
41.552734861	0
41.564941892	0
41.577148923	0
41.589355955	0
41.601562986	0
41.613770018	0
41.625977049	0
41.638184080	0
41.650391112	0
41.662598143	0
41.674805175	0
41.687012206	0
41.699219237	0
41.711426269	0
41.723633300	0
41.735840331	0
41.748047363	0
41.760254394	0
41.772461426	0
41.784668457	0
41.796875488	0
41.809082520	0
41.821289551	0
41.833496583	0
41.845703614	0
41.857910645	0
41.870117677	0
41.882324708	5
41.894531740	0
41.906738771	0
41.918945802	5
41.931152834	0
41.943359865	0
41.955566897	0
41.967773928	0
41.979980959	0
41.992187991	0
42.004395022	0
42.016602054	0
42.028809085	5
42.041016116	0
42.053223148	0
42.065430179	0
42.077637210	0
42.089844242	0
42.102051273	0
42.114258305	0
42.126465336	0
42.138672367	0
42.150879399	0
42.163086430	0
42.175293462	0
42.187500493	5
42.199707524	0
42.211914556	0
42.224121587	0
42.236328619	0
42.248535650	0
42.260742681	0
42.272949713	0
42.285156744	0
42.297363776	0
42.309570807	0
42.321777838	0
42.333984870	0
42.346191901	0
42.358398933	0
42.370605964	0
42.382812995	0
42.395020027	0
42.407227058	0
42.419434089	0
42.431641121	0
42.443848152	0
42.456055184	0
42.468262215	0
42.480469246	0
42.492676278	0
42.504883309	0
42.517090341	0
42.529297372	0
42.541504403	0
42.553711435	0
42.565918466	0
42.578125498	0
42.590332529	0
42.602539560	0
42.614746592	0
42.626953623	0
42.639160655	0
42.651367686	0
42.663574717	0
42.675781749	0
42.687988780	0
42.700195811	0
42.712402843	0
42.724609874	0
42.736816906	0
42.749023937	0
42.761230968	0
42.773438000	0
42.785645031	0
42.797852063	0
42.810059094	0
42.822266125	0
42.834473157	0
42.846680188	0
42.858887220	5
42.871094251	0
42.883301282	0
42.895508314	0
42.907715345	0
42.919922377	0
42.932129408	0
42.944336439	0
42.956543471	0
42.968750502	0
42.980957534	10
42.993164565	0
43.005371596	0
43.017578628	0
43.029785659	0
43.041992690	0
43.054199722	0
43.066406753	0
43.078613785	0
43.090820816	0
43.103027847	0
43.115234879	0
43.127441910	0
43.139648942	0
43.151855973	0
43.164063004	0
43.176270036	0
43.188477067	0
43.200684099	0
43.212891130	0
43.225098161	0
43.237305193	0
43.249512224	0
43.261719256	0
43.273926287	0
43.286133318	0
43.298340350	0
43.310547381	0
43.322754413	0
43.334961444	0
43.347168475	0
43.359375507	0
43.371582538	0
43.383789569	0
43.395996601	0
43.408203632	0
43.420410664	0
43.432617695	0
43.444824726	0
43.457031758	0
43.469238789	0
43.481445821	5
43.493652852	0
43.505859883	0
43.518066915	0
43.530273946	0
43.542480978	0
43.554688009	0
43.566895040	0
43.579102072	0
43.591309103	0
43.603516135	5
43.615723166	0
43.627930197	0
43.640137229	0
43.652344260	0
43.664551292	0
43.676758323	0
43.688965354	0
43.701172386	0
43.713379417	0
43.725586448	0
43.737793480	0
43.750000511	0
43.762207543	0
43.774414574	0
43.786621605	0
43.798828637	0
43.811035668	0
43.823242700	0
43.835449731	0
43.847656762	0
43.859863794	0
43.872070825	0
43.884277857	0
43.896484888	0
43.908691919	0
43.920898951	0
43.933105982	0
43.945313014	0
43.957520045	0
43.969727076	0
43.981934108	0
43.994141139	0
44.006348171	0
44.018555202	0
44.030762233	0
44.042969265	0
44.055176296	0
44.067383327	0
44.079590359	0
44.091797390	0
44.104004422	5
44.116211453	0
44.128418484	5
44.140625516	0
44.152832547	0
44.165039579	0
44.177246610	0
44.189453641	0
44.201660673	0
44.213867704	0
44.226074736	0
44.238281767	0
44.250488798	0
44.262695830	5
44.274902861	0
44.287109893	0
44.299316924	5
44.311523955	0
44.323730987	0
44.335938018	0
44.348145050	0
44.360352081	0
44.372559112	0
44.384766144	0
44.396973175	0
44.409180206	0
44.421387238	0
44.433594269	0
44.445801301	0
44.458008332	0
44.470215363	0
44.482422395	0
44.494629426	0
44.506836458	0
44.519043489	0
44.531250520	5
44.543457552	0
44.555664583	0
44.567871615	0
44.580078646	0
44.592285677	0
44.604492709	0
44.616699740	0
44.628906772	0
44.641113803	5
44.653320834	0
44.665527866	0
44.677734897	0
44.689941929	0
44.702148960	0
44.714355991	0
44.726563023	0
44.738770054	0
44.750977085	0
44.763184117	5
44.775391148	0
44.787598180	0
44.799805211	0
44.812012242	0
44.824219274	0
44.836426305	0
44.848633337	0
44.860840368	0
44.873047399	0
44.885254431	0
44.897461462	0
44.909668494	0
44.921875525	0
44.934082556	0
44.946289588	0
44.958496619	0
44.970703651	0
44.982910682	0
44.995117713	0
45.007324745	0
45.019531776	0
45.031738807	0
45.043945839	0
45.056152870	0
45.068359902	0
45.080566933	0
45.092773964	0
45.104980996	0
45.117188027	5
45.129395059	0
45.141602090	0
45.153809121	0
45.166016153	0
45.178223184	0
45.190430216	0
45.202637247	0
45.214844278	0
45.227051310	0
45.239258341	0
45.251465373	0
45.263672404	0
45.275879435	0
45.288086467	0
45.300293498	0
45.312500530	0
45.324707561	0
45.336914592	0
45.349121624	0
45.361328655	0
45.373535686	0
45.385742718	0
45.397949749	0
45.410156781	0
45.422363812	0
45.434570843	0
45.446777875	0
45.458984906	0
45.471191938	0
45.483398969	0
45.495606000	0
45.507813032	0
45.520020063	0
45.532227095	5
45.544434126	0
45.556641157	0
45.568848189	0
45.581055220	0
45.593262252	0
45.605469283	0
45.617676314	0
45.629883346	5
45.642090377	0
45.654297409	0
45.666504440	5
45.678711471	0
45.690918503	0
45.703125534	0
45.715332565	0
45.727539597	0
45.739746628	0
45.751953660	0
45.764160691	0
45.776367722	0
45.788574754	0
45.800781785	0
45.812988817	0
45.825195848	0
45.837402879	0
45.849609911	0
45.861816942	0
45.874023974	0
45.886231005	0
45.898438036	0
45.910645068	0
45.922852099	0
45.935059131	0
45.947266162	0
45.959473193	0
45.971680225	0
45.983887256	0
45.996094288	0
46.008301319	0
46.020508350	0
46.032715382	0
46.044922413	0
46.057129444	0
46.069336476	0
46.081543507	0
46.093750539	0
46.105957570	0
46.118164601	0
46.130371633	0
46.142578664	0
46.154785696	0
46.166992727	0
46.179199758	0
46.191406790	0
46.203613821	0
46.215820853	0
46.228027884	0
46.240234915	0
46.252441947	0
46.264648978	0
46.276856010	0
46.289063041	0
46.301270072	0
46.313477104	0
46.325684135	0
46.337891167	0
46.350098198	0
46.362305229	0
46.374512261	0
46.386719292	0
46.398926323	0
46.411133355	0
46.423340386	0
46.435547418	0
46.447754449	0
46.459961480	0
46.472168512	0
46.484375543	5
46.496582575	0
46.508789606	0
46.520996637	0
46.533203669	0
46.545410700	0
46.557617732	0
46.569824763	0
46.582031794	0
46.594238826	5
46.606445857	0
46.618652889	0
46.630859920	0
46.643066951	0
46.655273983	10
46.667481014	0
46.679688046	0
46.691895077	0
46.704102108	0
46.716309140	0
46.728516171	0
46.740723202	0
46.752930234	0
46.765137265	0
46.777344297	0
46.789551328	0
46.801758359	0
46.813965391	0
46.826172422	0
46.838379454	0
46.850586485	0
46.862793516	0
46.875000548	0
46.887207579	0
46.899414611	0
46.911621642	0
46.923828673	0
46.936035705	0
46.948242736	0
46.960449768	0
46.972656799	0
46.984863830	0
46.997070862	0
47.009277893	0
47.021484924	0
47.033691956	0
47.045898987	0
47.058106019	0
47.070313050	0
47.082520081	0
47.094727113	0
47.106934144	5
47.119141176	0
47.131348207	0
47.143555238	0
47.155762270	0
47.167969301	0
47.180176333	0
47.192383364	0
47.204590395	0
47.216797427	0
47.229004458	0
47.241211490	0
47.253418521	0
47.265625552	0
47.277832584	0
47.290039615	0
47.302246647	5
47.314453678	0
47.326660709	0
47.338867741	0
47.351074772	0
47.363281803	0
47.375488835	0
47.387695866	0
47.399902898	0
47.412109929	0
47.424316960	0
47.436523992	0
47.448731023	0
47.460938055	0
47.473145086	0
47.485352117	5
47.497559149	0
47.509766180	0
47.521973212	5
47.534180243	10
47.546387274	0
47.558594306	0
47.570801337	0
47.583008369	0
47.595215400	0
47.607422431	0
47.619629463	0
47.631836494	0
47.644043526	10
47.656250557	0
47.668457588	0
47.680664620	0
47.692871651	0
47.705078682	0
47.717285714	5
47.729492745	0
47.741699777	0
47.753906808	0
47.766113839	0
47.778320871	0
47.790527902	5
47.802734934	0
47.814941965	0
47.827148996	0
47.839356028	0
47.851563059	0
47.863770091	5
47.875977122	0
47.888184153	0
47.900391185	5
47.912598216	0
47.924805248	0
47.937012279	0
47.949219310	0
47.961426342	0
47.973633373	0
47.985840405	0
47.998047436	5
48.010254467	0
48.022461499	0
48.034668530	0
48.046875561	0
48.059082593	0
48.071289624	0
48.083496656	0
48.095703687	5
48.107910718	0
48.120117750	0
48.132324781	0
48.144531813	0
48.156738844	0
48.168945875	0
48.181152907	0
48.193359938	0
48.205566970	0
48.217774001	0
48.229981032	0
48.242188064	0
48.254395095	0
48.266602127	0
48.278809158	0
48.291016189	0
48.303223221	0
48.315430252	0
48.327637284	0
48.339844315	0
48.352051346	0
48.364258378	0
48.376465409	0
48.388672440	0
48.400879472	0
48.413086503	0
48.425293535	0
48.437500566	0
48.449707597	0
48.461914629	0
48.474121660	0
48.486328692	0
48.498535723	0
48.510742754	0
48.522949786	0
48.535156817	0
48.547363849	5
48.559570880	0
48.571777911	0
48.583984943	0
48.596191974	0
48.608399006	0
48.620606037	0
48.632813068	0
48.645020100	0
48.657227131	0
48.669434163	0
48.681641194	0
48.693848225	0
48.706055257	0
48.718262288	5
48.730469319	0
48.742676351	0
48.754883382	0
48.767090414	5
48.779297445	0
48.791504476	0
48.803711508	0
48.815918539	0
48.828125571	0
48.840332602	0
48.852539633	0
48.864746665	0
48.876953696	0
48.889160728	5
48.901367759	0
48.913574790	0
48.925781822	0
48.937988853	0
48.950195885	0
48.962402916	0
48.974609947	0
48.986816979	5
48.999024010	0
49.011231042	0
49.023438073	0
49.035645104	0
49.047852136	5
49.060059167	0
49.072266198	0
49.084473230	0
49.096680261	0
49.108887293	0
49.121094324	0
49.133301355	5
49.145508387	0
49.157715418	5
49.169922450	0
49.182129481	0
49.194336512	0
49.206543544	0
49.218750575	0
49.230957607	0
49.243164638	0
49.255371669	0
49.267578701	0
49.279785732	0
49.291992764	5
49.304199795	0
49.316406826	0
49.328613858	5
49.340820889	0
49.353027920	0
49.365234952	0
49.377441983	0
49.389649015	0
49.401856046	0
49.414063077	0
49.426270109	0
49.438477140	0
49.450684172	0
49.462891203	0
49.475098234	0
49.487305266	0
49.499512297	5
49.511719329	0
49.523926360	0
49.536133391	0
49.548340423	0
49.560547454	0
49.572754486	0
49.584961517	0
49.597168548	0
49.609375580	0
49.621582611	0
49.633789643	0
49.645996674	0
49.658203705	0
49.670410737	0
49.682617768	0
49.694824799	0
49.707031831	0
49.719238862	0
49.731445894	0
49.743652925	0
49.755859956	0
49.768066988	0
49.780274019	0
49.792481051	0
49.804688082	0
49.816895113	0
49.829102145	0
49.841309176	0
49.853516208	5
49.865723239	0
49.877930270	0
49.890137302	0
49.902344333	0
49.914551365	0
49.926758396	0
49.938965427	0
49.951172459	0
49.963379490	5
49.975586522	0
49.987793553	0
