time_ns	intensity
0.000000000	0
0.012207031	0
0.024414063	0
0.036621094	0
0.048828126	0
0.061035157	0
0.073242188	0
0.085449220	0
0.097656251	0
0.109863283	0
0.122070314	0
0.134277345	0
0.146484377	0
0.158691408	0
0.170898439	0
0.183105471	0
0.195312502	0
0.207519534	0
0.219726565	0
0.231933596	0
0.244140628	0
0.256347659	0
0.268554691	0
0.280761722	0
0.292968753	0
0.305175785	0
0.317382816	0
0.329589848	0
0.341796879	0
0.354003910	0
0.366210942	0
0.378417973	0
0.390625005	0
0.402832036	0
0.415039067	0
0.427246099	0
0.439453130	0
0.451660162	0
0.463867193	0
0.476074224	0
0.488281256	0
0.500488287	0
0.512695318	0
0.524902350	0
0.537109381	0
0.549316413	0
0.561523444	0
0.573730475	0
0.585937507	0
0.598144538	0
0.610351570	0
0.622558601	0
0.634765632	0
0.646972664	0
0.659179695	0
0.671386727	0
0.683593758	0
0.695800789	0
0.708007821	0
0.720214852	0
0.732421884	0
0.744628915	0
0.756835946	0
0.769042978	0
0.781250009	0
0.793457041	0
0.805664072	0
0.817871103	0
0.830078135	0
0.842285166	0
0.854492197	0
0.866699229	0
0.878906260	0
0.891113292	0
0.903320323	0
0.915527354	0
0.927734386	0
0.939941417	0
0.952148449	0
0.964355480	0
0.976562511	0
0.988769543	0
1.000976574	0
1.013183606	0
1.025390637	0
1.037597668	0
1.049804700	0
1.062011731	0
1.074218763	0
1.086425794	0
1.098632825	0
1.110839857	0
1.123046888	0
1.135253920	0
1.147460951	0
1.159667982	0
1.171875014	0
1.184082045	0
1.196289076	0
1.208496108	0
1.220703139	0
1.232910171	0
1.245117202	0
1.257324233	0
1.269531265	0
1.281738296	0
1.293945328	0
1.306152359	0
1.318359390	0
1.330566422	0
1.342773453	0
1.354980485	0
1.367187516	0
1.379394547	0
1.391601579	0
1.403808610	0
1.416015642	0
1.428222673	0
1.440429704	0
1.452636736	0
1.464843767	0
1.477050799	0
1.489257830	0
1.501464861	0
1.513671893	0
1.525878924	0
1.538085955	0
1.550292987	0
1.562500018	0
1.574707050	0
1.586914081	0
1.599121112	0
1.611328144	0
1.623535175	0
1.635742207	0
1.647949238	0
1.660156269	0
1.672363301	0
1.684570332	0
1.696777364	0
1.708984395	0
1.721191426	0
1.733398458	0
1.745605489	0
1.757812521	0
1.770019552	0
1.782226583	0
1.794433615	0
1.806640646	0
1.818847678	0
1.831054709	0
1.843261740	0
1.855468772	0
1.867675803	0
1.879882834	0
1.892089866	0
1.904296897	0
1.916503929	0
1.928710960	0
1.940917991	0
1.953125023	0
1.965332054	0
1.977539086	0
1.989746117	0
2.001953148	0
2.014160180	0
2.026367211	0
2.038574243	0
2.050781274	0
2.062988305	0
2.075195337	0
2.087402368	0
2.099609400	0
2.111816431	0
2.124023462	0
2.136230494	0
2.148437525	0
2.160644556	0
2.172851588	0
2.185058619	0
2.197265651	0
2.209472682	5
2.221679713	0
2.233886745	0
2.246093776	0
2.258300808	0
2.270507839	0
2.282714870	0
2.294921902	0
2.307128933	0
2.319335965	0
2.331542996	0
2.343750027	0
2.355957059	0
2.368164090	0
2.380371122	0
2.392578153	0
2.404785184	0
2.416992216	0
2.429199247	0
2.441406279	0
2.453613310	0
2.465820341	0
2.478027373	0
2.490234404	0
2.502441435	0
2.514648467	0
2.526855498	0
2.539062530	0
2.551269561	0
2.563476592	5
2.575683624	0
2.587890655	0
2.600097687	0
2.612304718	0
2.624511749	0
2.636718781	0
2.648925812	0
2.661132844	0
2.673339875	0
2.685546906	0
2.697753938	0
2.709960969	0
2.722168001	0
2.734375032	0
2.746582063	0
2.758789095	0
2.770996126	0
2.783203158	0
2.795410189	0
2.807617220	0
2.819824252	0
2.832031283	0
2.844238314	0
2.856445346	5
2.868652377	0
2.880859409	5
2.893066440	0
2.905273471	0
2.917480503	0
2.929687534	0
2.941894566	0
2.954101597	0
2.966308628	0
2.978515660	0
2.990722691	0
3.002929723	0
3.015136754	0
3.027343785	0
3.039550817	0
3.051757848	0
3.063964880	0
3.076171911	0
3.088378942	0
3.100585974	0
3.112793005	0
3.125000037	0
3.137207068	5
3.149414099	0
3.161621131	0
3.173828162	0
3.186035193	0
3.198242225	0
3.210449256	0
3.222656288	0
3.234863319	5
3.247070350	0
3.259277382	0
3.271484413	0
3.283691445	0
3.295898476	5
3.308105507	0
3.320312539	0
3.332519570	0
3.344726602	0
3.356933633	0
3.369140664	0
3.381347696	0
3.393554727	0
3.405761759	0
3.417968790	0
3.430175821	0
3.442382853	0
3.454589884	0
3.466796916	0
3.479003947	0
3.491210978	0
3.503418010	0
3.515625041	0
3.527832072	0
3.540039104	0
3.552246135	0
3.564453167	0
3.576660198	0
3.588867229	0
3.601074261	0
3.613281292	0
3.625488324	0
3.637695355	0
3.649902386	0
3.662109418	0
3.674316449	0
3.686523481	0
3.698730512	0
3.710937543	0
3.723144575	0
3.735351606	0
3.747558638	0
3.759765669	0
3.771972700	0
3.784179732	0
3.796386763	0
3.808593795	0
3.820800826	0
3.833007857	0
3.845214889	0
3.857421920	0
3.869628951	0
3.881835983	0
3.894043014	0
3.906250046	5
3.918457077	0
3.930664108	0
3.942871140	0
3.955078171	0
3.967285203	0
3.979492234	0
3.991699265	0
4.003906297	0
4.016113328	0
4.028320360	0
4.040527391	0
4.052734422	0
4.064941454	0
4.077148485	0
4.089355517	0
4.101562548	0
4.113769579	0
4.125976611	0
4.138183642	0
4.150390674	0
4.162597705	0
4.174804736	0
4.187011768	0
4.199218799	0
4.211425830	0
4.223632862	0
4.235839893	0
4.248046925	5
4.260253956	0
4.272460987	0
4.284668019	0
4.296875050	5
4.309082082	0
4.321289113	0
4.333496144	0
4.345703176	0
4.357910207	0
4.370117239	0
4.382324270	0
4.394531301	0
4.406738333	0
4.418945364	0
4.431152396	0
4.443359427	0
4.455566458	0
4.467773490	0
4.479980521	0
4.492187552	0
4.504394584	0
4.516601615	0
4.528808647	0
4.541015678	0
4.553222709	0
4.565429741	0
4.577636772	0
4.589843804	0
4.602050835	0
4.614257866	0
4.626464898	0
4.638671929	0
4.650878961	0
4.663085992	0
4.675293023	0
4.687500055	0
4.699707086	0
4.711914118	0
4.724121149	0
4.736328180	0
4.748535212	0
4.760742243	0
4.772949275	0
4.785156306	10
4.797363337	115
4.809570369	540
4.821777400	1415
4.833984431	2755
4.846191463	4180
4.858398494	5015
4.870605526	5825
4.882812557	6310
4.895019588	6405
4.907226620	6890
4.919433651	6715
4.931640683	6850
4.943847714	6980
4.956054745	7035
4.968261777	7115
4.980468808	6850
4.992675840	7105
5.004882871	7060
5.017089902	6990
5.029296934	7200
5.041503965	6920
5.053710997	7175
5.065918028	7095
5.078125059	6910
5.090332091	7185
5.102539122	7110
5.114746154	7115
5.126953185	7385
5.139160216	7435
5.151367248	7225
5.163574279	6785
5.175781310	7235
5.187988342	7185
5.200195373	7320
5.212402405	7300
5.224609436	7615
5.236816467	7545
5.249023499	7445
5.261230530	7365
5.273437562	7425
5.285644593	7525
5.297851624	7570
5.310058656	7375
5.322265687	7190
5.334472719	7515
5.346679750	7415
5.358886781	7355
5.371093813	7540
5.383300844	7600
5.395507876	7485
5.407714907	7545
5.419921938	7520
5.432128970	7195
5.444336001	7160
5.456543033	7490
5.468750064	7310
5.480957095	7250
5.493164127	7340
5.505371158	7265
5.517578189	7355
5.529785221	7330
5.541992252	7835
5.554199284	7130
5.566406315	7350
5.578613346	7040
5.590820378	6825
5.603027409	7135
5.615234441	6815
5.627441472	6945
5.639648503	7055
5.651855535	6895
5.664062566	6810
5.676269598	7255
5.688476629	7140
5.700683660	6990
5.712890692	7215
5.725097723	6745
5.737304755	6810
5.749511786	7025
5.761718817	6880
5.773925849	7265
5.786132880	7005
5.798339912	7210
5.810546943	7030
5.822753974	6950
5.834961006	7075
5.847168037	6735
5.859375068	6890
5.871582100	7010
5.883789131	7260
5.895996163	6960
5.908203194	6900
5.920410225	6665
5.932617257	7035
5.944824288	6945
5.957031320	6990
5.969238351	7135
5.981445382	6940
5.993652414	6720
6.005859445	6955
6.018066477	6410
6.030273508	6880
6.042480539	6490
6.054687571	6705
6.066894602	6620
6.079101634	6585
6.091308665	6725
6.103515696	6700
6.115722728	6795
6.127929759	6500
6.140136791	6410
6.152343822	6580
6.164550853	6680
6.176757885	6295
6.188964916	6350
6.201171947	6390
6.213378979	6465
6.225586010	6725
6.237793042	6530
6.250000073	6470
6.262207104	6520
6.274414136	6365
6.286621167	6515
6.298828199	6500
6.311035230	6565
6.323242261	6340
6.335449293	6630
6.347656324	6180
6.359863356	6435
6.372070387	6555
6.384277418	5965
6.396484450	6270
6.408691481	6285
6.420898513	6165
6.433105544	6260
6.445312575	6135
6.457519607	5845
6.469726638	6275
6.481933669	6140
6.494140701	6205
6.506347732	6055
6.518554764	6070
6.530761795	5790
6.542968826	6240
6.555175858	6140
6.567382889	5875
6.579589921	6405
6.591796952	6045
6.604003983	5870
6.616211015	6180
6.628418046	6040
6.640625078	6195
6.652832109	5690
6.665039140	6185
6.677246172	6125
6.689453203	5815
6.701660235	5980
6.713867266	6105
6.726074297	5650
6.738281329	6000
6.750488360	6150
6.762695392	6245
6.774902423	5840
6.787109454	6010
6.799316486	5680
6.811523517	5660
6.823730548	5805
6.835937580	5615
6.848144611	5695
6.860351643	5850
6.872558674	5930
6.884765705	5765
6.896972737	5705
6.909179768	5905
6.921386800	5985
6.933593831	5625
6.945800862	5860
6.958007894	5785
6.970214925	5565
6.982421957	5365
6.994628988	5595
7.006836019	5725
7.019043051	5470
7.031250082	5415
7.043457114	5775
7.055664145	5810
7.067871176	5340
7.080078208	5580
7.092285239	5455
7.104492271	5425
7.116699302	5400
7.128906333	5395
7.141113365	5560
7.153320396	5295
7.165527427	5460
7.177734459	5720
7.189941490	5495
7.202148522	5220
7.214355553	5530
7.226562584	5665
7.238769616	5445
7.250976647	5415
7.263183679	5150
7.275390710	5410
7.287597741	5325
7.299804773	5250
7.312011804	5465
7.324218836	5255
7.336425867	5550
7.348632898	5195
7.360839930	5065
7.373046961	5260
7.385253993	5075
7.397461024	5150
7.409668055	5135
7.421875087	5145
7.434082118	4925
7.446289150	5005
7.458496181	5355
7.470703212	5220
7.482910244	5265
7.495117275	5210
7.507324306	5305
7.519531338	5170
7.531738369	5010
7.543945401	5065
7.556152432	5270
7.568359463	4645
7.580566495	4880
7.592773526	4725
7.604980558	4840
7.617187589	4760
7.629394620	5250
7.641601652	4940
7.653808683	5030
7.666015715	5080
7.678222746	4925
7.690429777	5050
7.702636809	4970
7.714843840	5030
7.727050872	4750
7.739257903	5030
7.751464934	4885
7.763671966	4590
7.775878997	4875
7.788086029	4585
7.800293060	4875
7.812500091	4820
7.824707123	4810
7.836914154	4520
7.849121185	4770
7.861328217	4795
7.873535248	4650
7.885742280	4610
7.897949311	4855
7.910156342	4785
7.922363374	4535
7.934570405	4690
7.946777437	4660
7.958984468	4665
7.971191499	4870
7.983398531	4760
7.995605562	4880
8.007812594	4725
8.020019625	4595
8.032226656	4460
8.044433688	4555
8.056640719	4765
8.068847751	4525
8.081054782	4800
8.093261813	4540
8.105468845	4895
8.117675876	4470
8.129882908	4750
8.142089939	4585
8.154296970	4115
8.166504002	4395
8.178711033	4455
8.190918064	4400
8.203125096	4740
8.215332127	4510
8.227539159	4320
8.239746190	4425
8.251953221	4620
8.264160253	4295
8.276367284	4460
8.288574316	4720
8.300781347	4485
8.312988378	4505
8.325195410	4320
8.337402441	4560
8.349609473	4280
8.361816504	4575
8.374023535	4465
8.386230567	4600
8.398437598	4515
8.410644630	4375
8.422851661	4320
8.435058692	4215
8.447265724	4445
8.459472755	4185
8.471679787	4220
8.483886818	4465
8.496093849	4250
8.508300881	3975
8.520507912	4265
8.532714943	4195
8.544921975	4265
8.557129006	4185
8.569336038	3815
8.581543069	4350
8.593750100	3990
8.605957132	4220
8.618164163	4120
8.630371195	4380
8.642578226	3925
8.654785257	4105
8.666992289	4080
8.679199320	3710
8.691406352	4045
8.703613383	3990
8.715820414	3980
8.728027446	3825
8.740234477	4025
8.752441509	4160
8.764648540	4045
8.776855571	4205
8.789062603	3980
8.801269634	4095
8.813476665	3860
8.825683697	4015
8.837890728	3985
8.850097760	3815
8.862304791	3795
8.874511822	3840
8.886718854	3990
8.898925885	3875
8.911132917	4000
8.923339948	3930
8.935546979	3940
8.947754011	3960
8.959961042	3720
8.972168074	3715
8.984375105	4085
8.996582136	3915
9.008789168	3775
9.020996199	3885
9.033203231	4040
9.045410262	3995
9.057617293	3755
9.069824325	3950
9.082031356	3830
9.094238388	3750
9.106445419	3725
9.118652450	3785
9.130859482	4070
9.143066513	3745
9.155273544	3965
9.167480576	3685
9.179687607	3705
9.191894639	3795
9.204101670	3845
9.216308701	3700
9.228515733	3735
9.240722764	3805
9.252929796	3720
9.265136827	3760
9.277343858	3930
9.289550890	3780
9.301757921	3685
9.313964953	3685
9.326171984	3575
9.338379015	3620
9.350586047	3740
9.362793078	3705
9.375000110	3500
9.387207141	3620
9.399414172	3615
9.411621204	3550
9.423828235	3625
9.436035267	3615
9.448242298	3645
9.460449329	3520
9.472656361	3595
9.484863392	3355
9.497070423	3650
9.509277455	3625
9.521484486	3360
9.533691518	3670
9.545898549	3505
9.558105580	3435
9.570312612	3450
9.582519643	3815
9.594726675	3705
9.606933706	3285
9.619140737	3340
9.631347769	3400
9.643554800	3605
9.655761832	3365
9.667968863	3520
9.680175894	3460
9.692382926	3445
9.704589957	3390
9.716796989	3675
9.729004020	3435
9.741211051	3385
9.753418083	3410
9.765625114	3585
9.777832146	3380
9.790039177	3275
9.802246208	3255
9.814453240	3380
9.826660271	3140
9.838867302	3400
9.851074334	3510
9.863281365	3390
9.875488397	3290
9.887695428	3225
9.899902459	3355
9.912109491	3195
9.924316522	3055
9.936523554	3270
9.948730585	3100
9.960937616	3235
9.973144648	3340
9.985351679	3080
9.997558711	3195
10.009765742	3375
10.021972773	3180
10.034179805	3375
10.046386836	3290
10.058593868	3195
10.070800899	3170
10.083007930	3290
10.095214962	3200
10.107421993	3065
10.119629025	3220
10.131836056	3030
10.144043087	3345
10.156250119	3155
10.168457150	3230
10.180664181	3045
10.192871213	3085
10.205078244	3155
10.217285276	3045
10.229492307	3195
10.241699338	3215
10.253906370	3235
10.266113401	2890
10.278320433	3145
10.290527464	2935
10.302734495	3165
10.314941527	3165
10.327148558	2970
10.339355590	3365
10.351562621	2900
10.363769652	3055
10.375976684	3275
10.388183715	3160
10.400390747	2925
10.412597778	2960
10.424804809	2940
10.437011841	3145
10.449218872	3090
10.461425904	3025
10.473632935	2975
10.485839966	3085
10.498046998	2895
10.510254029	2990
10.522461060	2870
10.534668092	2965
10.546875123	2865
10.559082155	3175
10.571289186	3160
10.583496217	2665
10.595703249	3105
10.607910280	3000
10.620117312	3020
10.632324343	2855
10.644531374	2935
10.656738406	2995
10.668945437	2985
10.681152469	2795
10.693359500	2825
10.705566531	3025
10.717773563	2720
10.729980594	2725
10.742187626	2930
10.754394657	2915
10.766601688	2750
10.778808720	2695
10.791015751	2750
10.803222782	2845
10.815429814	2855
10.827636845	2990
10.839843877	2910
10.852050908	2940
10.864257939	2925
10.876464971	2715
10.888672002	2780
10.900879034	2745
10.913086065	2710
10.925293096	2640
10.937500128	2690
10.949707159	2855
10.961914191	2705
10.974121222	2850
10.986328253	2790
10.998535285	2550
11.010742316	2930
11.022949348	2690
11.035156379	2820
11.047363410	2725
11.059570442	2745
11.071777473	2700
11.083984505	2685
11.096191536	2685
11.108398567	2765
11.120605599	2615
11.132812630	2775
11.145019661	2595
11.157226693	2800
11.169433724	2745
11.181640756	3075
11.193847787	2715
11.206054818	2605
11.218261850	2535
11.230468881	2705
11.242675913	2690
11.254882944	2470
11.267089975	2530
11.279297007	2660
11.291504038	2505
11.303711070	2610
11.315918101	2795
11.328125132	2255
11.340332164	2690
11.352539195	2425
11.364746227	2370
11.376953258	2700
11.389160289	2510
11.401367321	2565
11.413574352	2590
11.425781384	2565
11.437988415	2720
11.450195446	2440
11.462402478	2410
11.474609509	2515
11.486816540	2405
11.499023572	2555
11.511230603	2360
11.523437635	2455
11.535644666	2670
11.547851697	2435
11.560058729	2295
11.572265760	2470
11.584472792	2530
11.596679823	2485
11.608886854	2470
11.621093886	2400
11.633300917	2475
11.645507949	2420
11.657714980	2400
11.669922011	2575
11.682129043	2480
11.694336074	2340
11.706543106	2450
11.718750137	2420
11.730957168	2575
11.743164200	2440
11.755371231	2390
11.767578263	2285
11.779785294	2370
11.791992325	2460
11.804199357	2530
11.816406388	2470
11.828613419	2410
11.840820451	2405
11.853027482	2205
11.865234514	2250
11.877441545	2515
11.889648576	2095
11.901855608	2305
11.914062639	2295
11.926269671	2280
11.938476702	2255
11.950683733	2150
11.962890765	2400
11.975097796	2255
11.987304828	2200
11.999511859	2295
12.011718890	2370
12.023925922	2130
12.036132953	2560
12.048339985	2155
12.060547016	2330
12.072754047	2230
12.084961079	2205
12.097168110	2155
12.109375142	2160
12.121582173	2020
12.133789204	2095
12.145996236	2175
12.158203267	2080
12.170410298	2175
12.182617330	2250
12.194824361	2215
12.207031393	2210
12.219238424	1965
12.231445455	2200
12.243652487	2105
12.255859518	2245
12.268066550	2375
12.280273581	2100
12.292480612	2060
12.304687644	2190
12.316894675	2350
12.329101707	2225
12.341308738	2175
12.353515769	2155
12.365722801	2200
12.377929832	1720
12.390136864	2185
12.402343895	2120
12.414550926	2180
12.426757958	2130
12.438964989	2160
12.451172021	1920
12.463379052	1960
12.475586083	2185
12.487793115	1980
12.500000146	2150
12.512207177	2065
12.524414209	2065
12.536621240	2020
12.548828272	2190
12.561035303	2110
12.573242334	2245
12.585449366	2185
12.597656397	2055
12.609863429	1955
12.622070460	1980
12.634277491	1895
12.646484523	2080
12.658691554	1875
12.670898586	2005
12.683105617	1995
12.695312648	2000
12.707519680	1890
12.719726711	1970
12.731933743	1900
12.744140774	2000
12.756347805	2060
12.768554837	1965
12.780761868	1875
12.792968899	2040
12.805175931	2075
12.817382962	2045
12.829589994	1920
12.841797025	1850
12.854004056	2070
12.866211088	1920
12.878418119	1950
12.890625151	1950
12.902832182	2070
12.915039213	1875
12.927246245	1830
12.939453276	1990
12.951660308	2030
12.963867339	1860
12.976074370	1985
12.988281402	2015
13.000488433	1995
13.012695465	1790
13.024902496	2100
13.037109527	1895
13.049316559	1875
13.061523590	1935
13.073730622	1945
13.085937653	1725
13.098144684	1960
13.110351716	1920
13.122558747	1740
13.134765778	1890
13.146972810	2000
13.159179841	1905
13.171386873	1910
13.183593904	1825
13.195800935	1645
13.208007967	1865
13.220214998	1890
13.232422030	1770
13.244629061	1760
13.256836092	1720
13.269043124	1680
13.281250155	1790
13.293457187	1680
13.305664218	1795
13.317871249	1740
13.330078281	1905
13.342285312	1675
13.354492344	1755
13.366699375	1795
13.378906406	1870
13.391113438	1670
13.403320469	1900
13.415527501	1770
13.427734532	1790
13.439941563	1750
13.452148595	1630
13.464355626	1725
13.476562657	1765
13.488769689	1675
13.500976720	1795
13.513183752	1635
13.525390783	1780
13.537597814	1580
13.549804846	1695
13.562011877	1750
13.574218909	1590
13.586425940	1700
13.598632971	1810
13.610840003	1800
13.623047034	1710
13.635254066	1780
13.647461097	1555
13.659668128	1690
13.671875160	1735
13.684082191	1645
13.696289223	1515
13.708496254	1840
13.720703285	1710
13.732910317	1800
13.745117348	1785
13.757324380	1630
13.769531411	1805
13.781738442	1540
13.793945474	1705
13.806152505	1615
13.818359536	1590
13.830566568	1590
13.842773599	1570
13.854980631	1635
13.867187662	1455
13.879394693	1620
13.891601725	1575
13.903808756	1865
13.916015788	1620
13.928222819	1585
13.940429850	1575
13.952636882	1545
13.964843913	1605
13.977050945	1470
13.989257976	1550
14.001465007	1595
14.013672039	1360
14.025879070	1510
14.038086102	1520
14.050293133	1585
14.062500164	1735
14.074707196	1565
14.086914227	1565
14.099121259	1530
14.111328290	1610
14.123535321	1345
14.135742353	1405
14.147949384	1615
14.160156415	1625
14.172363447	1700
14.184570478	1450
14.196777510	1605
14.208984541	1360
14.221191572	1500
14.233398604	1505
14.245605635	1605
14.257812667	1515
14.270019698	1545
14.282226729	1360
14.294433761	1400
14.306640792	1635
14.318847824	1490
14.331054855	1410
14.343261886	1340
14.355468918	1550
14.367675949	1475
14.379882981	1450
14.392090012	1560
14.404297043	1465
14.416504075	1330
14.428711106	1445
14.440918138	1380
14.453125169	1415
14.465332200	1480
14.477539232	1540
14.489746263	1495
14.501953294	1485
14.514160326	1450
14.526367357	1425
14.538574389	1515
14.550781420	1340
14.562988451	1490
14.575195483	1415
14.587402514	1465
14.599609546	1445
14.611816577	1525
14.624023608	1325
14.636230640	1400
14.648437671	1565
14.660644703	1405
14.672851734	1400
14.685058765	1470
14.697265797	1635
14.709472828	1345
14.721679860	1385
14.733886891	1390
14.746093922	1445
14.758300954	1420
14.770507985	1550
14.782715017	1355
14.794922048	1435
14.807129079	1295
14.819336111	1350
14.831543142	1370
14.843750173	1340
14.855957205	1425
14.868164236	1460
14.880371268	1430
14.892578299	1325
14.904785330	1255
14.916992362	1320
14.929199393	1280
14.941406425	1435
14.953613456	1245
14.965820487	1265
14.978027519	1245
14.990234550	1170
15.002441582	1250
15.014648613	1505
15.026855644	1380
15.039062676	1340
15.051269707	1280
15.063476739	1495
15.075683770	1205
15.087890801	1260
15.100097833	1470
15.112304864	1220
15.124511895	1205
15.136718927	1320
15.148925958	1430
15.161132990	1265
15.173340021	1375
15.185547052	1240
15.197754084	1325
15.209961115	1345
15.222168147	1325
15.234375178	1275
15.246582209	1160
15.258789241	1260
15.270996272	1240
15.283203304	1325
15.295410335	1230
15.307617366	1275
15.319824398	1210
15.332031429	1165
15.344238461	1285
15.356445492	1320
15.368652523	1140
15.380859555	1095
15.393066586	1135
15.405273618	1160
15.417480649	1160
15.429687680	1240
15.441894712	1205
15.454101743	1315
15.466308774	1225
15.478515806	1170
15.490722837	1205
15.502929869	1125
15.515136900	1285
15.527343931	1250
15.539550963	1195
15.551757994	1335
15.563965026	1205
15.576172057	1105
15.588379088	1295
15.600586120	1170
15.612793151	1135
15.625000183	1145
15.637207214	1210
15.649414245	1325
15.661621277	1115
15.673828308	1185
15.686035340	1195
15.698242371	1315
15.710449402	1140
15.722656434	1190
15.734863465	1165
15.747070497	1120
15.759277528	1080
15.771484559	1070
15.783691591	1135
15.795898622	1150
15.808105653	1125
15.820312685	1230
15.832519716	1070
15.844726748	1220
15.856933779	1240
15.869140810	1150
15.881347842	1175
15.893554873	1190
15.905761905	1130
15.917968936	1130
15.930175967	1085
15.942382999	1150
15.954590030	905
15.966797062	1165
15.979004093	1080
15.991211124	995
16.003418156	1095
16.015625187	1025
16.027832219	1095
16.040039250	1250
16.052246281	1035
16.064453313	1130
16.076660344	1155
16.088867376	1095
16.101074407	1185
16.113281438	1135
16.125488470	1025
16.137695501	1090
16.149902532	1130
16.162109564	1035
16.174316595	1090
16.186523627	1015
16.198730658	945
16.210937689	995
16.223144721	1060
16.235351752	1150
16.247558784	1065
16.259765815	1075
16.271972846	1015
16.284179878	1110
16.296386909	1085
16.308593941	980
16.320800972	815
16.333008003	1085
16.345215035	930
16.357422066	1115
16.369629098	995
16.381836129	1040
16.394043160	990
16.406250192	950
16.418457223	975
16.430664255	945
16.442871286	1165
16.455078317	1020
16.467285349	1025
16.479492380	995
16.491699411	995
16.503906443	970
16.516113474	1015
16.528320506	940
16.540527537	880
16.552734568	1075
16.564941600	955
16.577148631	915
16.589355663	925
16.601562694	1140
16.613769725	950
16.625976757	1045
16.638183788	995
16.650390820	1040
16.662597851	1000
16.674804882	1050
16.687011914	890
16.699218945	980
16.711425977	1165
16.723633008	965
16.735840039	895
16.748047071	920
16.760254102	850
16.772461134	1060
16.784668165	955
16.796875196	1005
16.809082228	910
16.821289259	910
16.833496290	1035
16.845703322	1010
16.857910353	950
16.870117385	1025
16.882324416	865
16.894531447	990
16.906738479	980
16.918945510	870
16.931152542	820
16.943359573	1020
16.955566604	1015
16.967773636	890
16.979980667	955
16.992187699	900
17.004394730	990
17.016601761	940
17.028808793	805
17.041015824	845
17.053222856	950
17.065429887	895
17.077636918	885
17.089843950	865
17.102050981	920
17.114258012	930
17.126465044	780
17.138672075	840
17.150879107	930
17.163086138	895
17.175293169	870
17.187500201	970
17.199707232	925
17.211914264	830
17.224121295	955
17.236328326	760
17.248535358	870
17.260742389	835
17.272949421	970
17.285156452	925
17.297363483	1045
17.309570515	810
17.321777546	775
17.333984578	840
17.346191609	805
17.358398640	840
17.370605672	885
17.382812703	865
17.395019735	800
17.407226766	970
17.419433797	860
17.431640829	805
17.443847860	760
17.456054891	900
17.468261923	850
17.480468954	790
17.492675986	830
17.504883017	905
17.517090048	840
17.529297080	830
17.541504111	890
17.553711143	865
17.565918174	760
17.578125205	810
17.590332237	805
17.602539268	860
17.614746300	1020
17.626953331	860
17.639160362	845
17.651367394	845
17.663574425	890
17.675781457	810
17.687988488	830
17.700195519	785
17.712402551	750
17.724609582	850
17.736816614	770
17.749023645	815
17.761230676	760
17.773437708	735
17.785644739	955
17.797851770	840
17.810058802	805
17.822265833	710
17.834472865	715
17.846679896	775
17.858886927	735
17.871093959	740
17.883300990	700
17.895508022	735
17.907715053	775
17.919922084	870
17.932129116	765
17.944336147	820
17.956543179	735
17.968750210	850
17.980957241	795
17.993164273	780
18.005371304	740
18.017578336	750
18.029785367	810
18.041992398	800
18.054199430	775
18.066406461	740
18.078613493	695
18.090820524	735
18.103027555	880
18.115234587	765
18.127441618	745
18.139648649	725
18.151855681	750
18.164062712	725
18.176269744	725
18.188476775	730
18.200683806	740
18.212890838	780
18.225097869	720
18.237304901	690
18.249511932	665
18.261718963	665
18.273925995	675
18.286133026	750
18.298340058	765
18.310547089	645
18.322754120	665
18.334961152	605
18.347168183	770
18.359375215	600
18.371582246	655
18.383789277	640
18.395996309	685
18.408203340	755
18.420410372	700
18.432617403	885
18.444824434	720
18.457031466	765
18.469238497	660
18.481445528	715
18.493652560	730
18.505859591	795
18.518066623	640
18.530273654	585
18.542480685	700
18.554687717	700
18.566894748	685
18.579101780	690
18.591308811	710
18.603515842	660
18.615722874	630
18.627929905	620
18.640136937	655
18.652343968	740
18.664550999	710
18.676758031	645
18.688965062	735
18.701172094	695
18.713379125	560
18.725586156	665
18.737793188	785
18.750000219	810
18.762207251	720
18.774414282	695
18.786621313	610
18.798828345	500
18.811035376	650
18.823242407	710
18.835449439	680
18.847656470	650
18.859863502	690
18.872070533	690
18.884277564	685
18.896484596	725
18.908691627	665
18.920898659	735
18.933105690	650
18.945312721	720
18.957519753	700
18.969726784	795
18.981933816	690
18.994140847	685
19.006347878	715
19.018554910	540
19.030761941	595
19.042968973	610
19.055176004	655
19.067383035	635
19.079590067	630
19.091797098	575
19.104004130	660
19.116211161	685
19.128418192	690
19.140625224	625
19.152832255	670
19.165039286	580
19.177246318	560
19.189453349	595
19.201660381	635
19.213867412	570
19.226074443	650
19.238281475	680
19.250488506	605
19.262695538	670
19.274902569	650
19.287109600	550
19.299316632	545
19.311523663	575
19.323730695	635
19.335937726	580
19.348144757	620
19.360351789	605
19.372558820	660
19.384765852	615
19.396972883	605
19.409179914	565
19.421386946	675
19.433593977	670
19.445801008	510
19.458008040	605
19.470215071	585
19.482422103	570
19.494629134	585
19.506836165	620
19.519043197	585
19.531250228	650
19.543457260	565
19.555664291	615
19.567871322	560
19.580078354	605
19.592285385	640
19.604492417	760
19.616699448	570
19.628906479	580
19.641113511	555
19.653320542	650
19.665527574	565
19.677734605	560
19.689941636	630
19.702148668	720
19.714355699	610
19.726562731	540
19.738769762	635
19.750976793	535
19.763183825	500
19.775390856	630
19.787597887	475
19.799804919	620
19.812011950	575
19.824218982	625
19.836426013	590
19.848633044	615
19.860840076	550
19.873047107	480
19.885254139	600
19.897461170	605
19.909668201	515
19.921875233	565
19.934082264	520
19.946289296	605
19.958496327	545
19.970703358	590
19.982910390	455
19.995117421	605
20.007324453	440
20.019531484	540
20.031738515	580
20.043945547	550
20.056152578	485
20.068359610	490
20.080566641	500
20.092773672	505
20.104980704	530
20.117187735	495
20.129394766	530
20.141601798	520
20.153808829	515
20.166015861	505
20.178222892	520
20.190429923	510
20.202636955	505
20.214843986	485
20.227051018	440
20.239258049	535
20.251465080	605
20.263672112	550
20.275879143	500
20.288086175	505
20.300293206	560
20.312500237	580
20.324707269	430
20.336914300	515
20.349121332	525
20.361328363	605
20.373535394	480
20.385742426	470
20.397949457	425
20.410156489	535
20.422363520	570
20.434570551	505
20.446777583	475
20.458984614	445
20.471191645	555
20.483398677	545
20.495605708	460
20.507812740	415
20.520019771	400
20.532226802	450
20.544433834	435
20.556640865	505
20.568847897	420
20.581054928	520
20.593261959	570
20.605468991	520
20.617676022	500
20.629883054	565
20.642090085	530
20.654297116	415
20.666504148	425
20.678711179	470
20.690918211	450
20.703125242	460
20.715332273	420
20.727539305	525
20.739746336	455
20.751953368	435
20.764160399	435
20.776367430	470
20.788574462	550
20.800781493	425
20.812988524	460
20.825195556	420
20.837402587	505
20.849609619	505
20.861816650	425
20.874023681	465
20.886230713	480
20.898437744	375
20.910644776	420
20.922851807	505
20.935058838	405
20.947265870	470
20.959472901	435
20.971679933	495
20.983886964	480
20.996093995	360
21.008301027	435
21.020508058	490
21.032715090	445
21.044922121	475
21.057129152	440
21.069336184	460
21.081543215	460
21.093750247	420
21.105957278	385
21.118164309	470
21.130371341	400
21.142578372	485
21.154785403	365
21.166992435	435
21.179199466	485
21.191406498	460
21.203613529	425
21.215820560	485
21.228027592	420
21.240234623	465
21.252441655	415
21.264648686	440
21.276855717	475
21.289062749	520
21.301269780	380
21.313476812	455
21.325683843	475
21.337890874	440
21.350097906	395
21.362304937	355
21.374511969	405
21.386719000	375
21.398926031	470
21.411133063	390
21.423340094	385
21.435547125	445
21.447754157	375
21.459961188	340
21.472168220	445
21.484375251	375
21.496582282	445
21.508789314	410
21.520996345	380
21.533203377	520
21.545410408	410
21.557617439	355
21.569824471	385
21.582031502	350
21.594238534	375
21.606445565	425
21.618652596	395
21.630859628	405
21.643066659	365
21.655273691	465
21.667480722	375
21.679687753	350
21.691894785	350
21.704101816	370
21.716308848	385
21.728515879	495
21.740722910	515
21.752929942	430
21.765136973	340
21.777344004	395
21.789551036	340
21.801758067	460
21.813965099	425
21.826172130	335
21.838379161	350
21.850586193	375
21.862793224	420
21.875000256	405
21.887207287	390
21.899414318	350
21.911621350	385
21.923828381	355
21.936035413	450
21.948242444	345
21.960449475	420
21.972656507	380
21.984863538	345
21.997070570	360
22.009277601	345
22.021484632	315
22.033691664	320
22.045898695	365
22.058105727	340
22.070312758	420
22.082519789	325
22.094726821	360
22.106933852	350
22.119140883	330
22.131347915	350
22.143554946	315
22.155761978	370
22.167969009	315
22.180176040	275
22.192383072	385
22.204590103	390
22.216797135	325
22.229004166	320
22.241211197	415
22.253418229	325
22.265625260	360
22.277832292	355
22.290039323	350
22.302246354	370
22.314453386	335
22.326660417	320
22.338867449	425
22.351074480	330
22.363281511	330
22.375488543	375
22.387695574	330
22.399902606	315
22.412109637	405
22.424316668	380
22.436523700	325
22.448730731	350
22.460937762	330
22.473144794	265
22.485351825	325
22.497558857	330
22.509765888	370
22.521972919	365
22.534179951	350
22.546386982	345
22.558594014	285
22.570801045	420
22.583008076	350
22.595215108	365
22.607422139	355
22.619629171	380
22.631836202	370
22.644043233	265
22.656250265	400
22.668457296	335
22.680664328	325
22.692871359	300
22.705078390	335
22.717285422	360
22.729492453	310
22.741699485	385
22.753906516	380
22.766113547	270
22.778320579	370
22.790527610	315
22.802734641	380
22.814941673	330
22.827148704	285
22.839355736	280
22.851562767	375
22.863769798	345
22.875976830	270
22.888183861	285
22.900390893	320
22.912597924	250
22.924804955	355
22.937011987	325
22.949219018	320
22.961426050	300
22.973633081	300
22.985840112	315
22.998047144	290
23.010254175	270
23.022461207	375
23.034668238	320
23.046875269	370
23.059082301	300
23.071289332	360
23.083496364	295
23.095703395	335
23.107910426	320
23.120117458	285
23.132324489	285
23.144531520	235
23.156738552	295
23.168945583	345
23.181152615	325
23.193359646	305
23.205566677	255
23.217773709	270
23.229980740	380
23.242187772	365
23.254394803	310
23.266601834	345
23.278808866	260
23.291015897	295
23.303222929	295
23.315429960	335
23.327636991	325
23.339844023	260
23.352051054	350
23.364258086	305
23.376465117	300
23.388672148	295
23.400879180	290
23.413086211	335
23.425293243	220
23.437500274	250
23.449707305	310
23.461914337	285
23.474121368	320
23.486328399	305
23.498535431	300
23.510742462	280
23.522949494	320
23.535156525	235
23.547363556	305
23.559570588	270
23.571777619	255
23.583984651	300
23.596191682	275
23.608398713	325
23.620605745	270
23.632812776	315
23.645019808	260
23.657226839	365
23.669433870	380
23.681640902	355
23.693847933	245
23.706054965	285
23.718261996	290
23.730469027	335
23.742676059	220
23.754883090	285
23.767090121	255
23.779297153	285
23.791504184	230
23.803711216	240
23.815918247	280
23.828125278	265
23.840332310	240
23.852539341	355
23.864746373	290
23.876953404	330
23.889160435	245
23.901367467	275
23.913574498	280
23.925781530	300
23.937988561	305
23.950195592	290
23.962402624	275
23.974609655	305
23.986816687	275
23.999023718	260
24.011230749	285
24.023437781	235
24.035644812	295
24.047851844	215
24.060058875	340
24.072265906	295
24.084472938	320
24.096679969	260
24.108887000	280
24.121094032	295
24.133301063	250
24.145508095	245
24.157715126	150
24.169922157	315
24.182129189	275
24.194336220	255
24.206543252	240
24.218750283	250
24.230957314	225
24.243164346	225
24.255371377	200
24.267578409	225
24.279785440	215
24.291992471	270
24.304199503	250
24.316406534	300
24.328613566	225
24.340820597	275
24.353027628	280
24.365234660	230
24.377441691	225
24.389648723	210
24.401855754	240
24.414062785	200
24.426269817	215
24.438476848	225
24.450683879	300
24.462890911	235
24.475097942	230
24.487304974	235
24.499512005	235
24.511719036	210
24.523926068	255
24.536133099	190
24.548340131	225
24.560547162	255
24.572754193	235
24.584961225	275
24.597168256	275
24.609375288	180
24.621582319	320
24.633789350	225
24.645996382	250
24.658203413	195
24.670410445	265
24.682617476	270
24.694824507	175
24.707031539	230
24.719238570	210
24.731445602	225
24.743652633	220
24.755859664	270
24.768066696	240
24.780273727	255
24.792480758	280
24.804687790	225
24.816894821	225
24.829101853	250
24.841308884	265
24.853515915	225
24.865722947	245
24.877929978	200
24.890137010	235
24.902344041	245
24.914551072	305
24.926758104	225
24.938965135	225
24.951172167	235
24.963379198	250
24.975586229	225
24.987793261	175
25.000000292	220
25.012207324	270
25.024414355	200
25.036621386	165
25.048828418	185
25.061035449	140
25.073242481	200
25.085449512	225
25.097656543	215
25.109863575	145
25.122070606	270
25.134277637	270
25.146484669	170
25.158691700	210
25.170898732	215
25.183105763	150
25.195312794	175
25.207519826	225
25.219726857	205
25.231933889	215
25.244140920	240
25.256347951	170
25.268554983	225
25.280762014	275
25.292969046	175
25.305176077	275
25.317383108	215
25.329590140	230
25.341797171	225
25.354004203	225
25.366211234	190
25.378418265	230
25.390625297	195
25.402832328	150
25.415039360	145
25.427246391	235
25.439453422	255
25.451660454	265
25.463867485	200
25.476074516	185
25.488281548	210
25.500488579	175
25.512695611	145
25.524902642	195
25.537109673	165
25.549316705	155
25.561523736	185
25.573730768	265
25.585937799	150
25.598144830	215
25.610351862	170
25.622558893	180
25.634765925	225
25.646972956	175
25.659179987	210
25.671387019	210
25.683594050	175
25.695801082	210
25.708008113	220
25.720215144	190
25.732422176	205
25.744629207	210
25.756836238	195
25.769043270	190
25.781250301	155
25.793457333	185
25.805664364	185
25.817871395	220
25.830078427	195
25.842285458	175
25.854492490	195
25.866699521	180
25.878906552	135
25.891113584	185
25.903320615	175
25.915527647	150
25.927734678	185
25.939941709	145
25.952148741	220
25.964355772	185
25.976562804	150
25.988769835	220
26.000976866	215
26.013183898	155
26.025390929	195
26.037597961	225
26.049804992	140
26.062012023	175
26.074219055	220
26.086426086	200
26.098633117	175
26.110840149	175
26.123047180	235
26.135254212	160
26.147461243	170
26.159668274	175
26.171875306	190
26.184082337	220
26.196289369	220
26.208496400	165
26.220703431	230
26.232910463	185
26.245117494	180
26.257324526	190
26.269531557	190
26.281738588	215
26.293945620	135
26.306152651	200
26.318359683	195
26.330566714	160
26.342773745	170
26.354980777	130
26.367187808	140
26.379394840	190
26.391601871	225
26.403808902	175
26.416015934	190
26.428222965	180
26.440429996	150
26.452637028	205
26.464844059	155
26.477051091	165
26.489258122	135
26.501465153	145
26.513672185	195
26.525879216	190
26.538086248	145
26.550293279	170
26.562500310	180
26.574707342	205
26.586914373	175
26.599121405	220
26.611328436	155
26.623535467	165
26.635742499	120
26.647949530	175
26.660156562	170
26.672363593	180
26.684570624	200
26.696777656	205
26.708984687	140
26.721191719	165
26.733398750	185
26.745605781	145
26.757812813	185
26.770019844	195
26.782226875	150
26.794433907	125
26.806640938	150
26.818847970	195
26.831055001	150
26.843262032	140
26.855469064	165
26.867676095	200
26.879883127	135
26.892090158	170
26.904297189	175
26.916504221	160
26.928711252	200
26.940918284	125
26.953125315	170
26.965332346	155
26.977539378	165
26.989746409	140
27.001953441	170
27.014160472	205
27.026367503	110
27.038574535	185
27.050781566	110
27.062988598	150
27.075195629	195
27.087402660	210
27.099609692	145
27.111816723	140
27.124023754	145
27.136230786	115
27.148437817	190
27.160644849	170
27.172851880	165
27.185058911	100
27.197265943	130
27.209472974	125
27.221680006	205
27.233887037	75
27.246094068	165
27.258301100	170
27.270508131	110
27.282715163	160
27.294922194	145
27.307129225	140
27.319336257	135
27.331543288	165
27.343750320	170
27.355957351	140
27.368164382	160
27.380371414	215
27.392578445	125
27.404785477	145
27.416992508	105
27.429199539	190
27.441406571	135
27.453613602	150
27.465820633	170
27.478027665	90
27.490234696	140
27.502441728	130
27.514648759	115
27.526855790	125
27.539062822	175
27.551269853	115
27.563476885	125
27.575683916	100
27.587890947	130
27.600097979	165
27.612305010	235
27.624512042	205
27.636719073	160
27.648926104	110
27.661133136	130
27.673340167	145
27.685547199	135
27.697754230	185
27.709961261	140
27.722168293	120
27.734375324	190
27.746582355	135
27.758789387	135
27.770996418	100
27.783203450	160
27.795410481	110
27.807617512	145
27.819824544	140
27.832031575	130
27.844238607	150
27.856445638	115
27.868652669	135
27.880859701	135
27.893066732	95
27.905273764	125
27.917480795	85
27.929687826	145
27.941894858	125
27.954101889	145
27.966308921	170
27.978515952	125
27.990722983	110
28.002930015	100
28.015137046	115
28.027344078	135
28.039551109	135
28.051758140	130
28.063965172	150
28.076172203	165
28.088379234	135
28.100586266	135
28.112793297	150
28.125000329	115
28.137207360	115
28.149414391	155
28.161621423	100
28.173828454	120
28.186035486	155
28.198242517	100
28.210449548	150
28.222656580	85
28.234863611	140
28.247070643	165
28.259277674	190
28.271484705	110
28.283691737	105
28.295898768	100
28.308105800	110
28.320312831	130
28.332519862	160
28.344726894	105
28.356933925	100
28.369140957	115
28.381347988	170
28.393555019	105
28.405762051	80
28.417969082	80
28.430176113	145
28.442383145	90
28.454590176	125
28.466797208	105
28.479004239	110
28.491211270	125
28.503418302	130
28.515625333	105
28.527832365	125
28.540039396	110
28.552246427	120
28.564453459	95
28.576660490	90
28.588867522	105
28.601074553	150
28.613281584	135
28.625488616	155
28.637695647	135
28.649902679	130
28.662109710	105
28.674316741	95
28.686523773	100
28.698730804	105
28.710937836	140
28.723144867	100
28.735351898	100
28.747558930	105
28.759765961	110
28.771972992	85
28.784180024	105
28.796387055	145
28.808594087	150
28.820801118	100
28.833008149	95
28.845215181	150
28.857422212	185
28.869629244	85
28.881836275	110
28.894043306	90
28.906250338	170
28.918457369	90
28.930664401	85
28.942871432	100
28.955078463	115
28.967285495	95
28.979492526	85
28.991699558	150
29.003906589	85
29.016113620	105
29.028320652	135
29.040527683	105
29.052734715	95
29.064941746	95
29.077148777	90
29.089355809	120
29.101562840	65
29.113769871	165
29.125976903	130
29.138183934	130
29.150390966	120
29.162597997	105
29.174805028	85
29.187012060	120
29.199219091	105
29.211426123	160
29.223633154	110
29.235840185	100
29.248047217	125
29.260254248	90
29.272461280	80
29.284668311	90
29.296875342	120
29.309082374	100
29.321289405	115
29.333496437	90
29.345703468	100
29.357910499	115
29.370117531	90
29.382324562	55
29.394531594	135
29.406738625	95
29.418945656	110
29.431152688	130
29.443359719	85
29.455566750	80
29.467773782	85
29.479980813	130
29.492187845	65
29.504394876	90
29.516601907	110
29.528808939	110
29.541015970	120
29.553223002	90
29.565430033	145
29.577637064	90
29.589844096	90
29.602051127	90
29.614258159	95
29.626465190	65
29.638672221	75
29.650879253	100
29.663086284	115
29.675293316	125
29.687500347	75
29.699707378	120
29.711914410	95
29.724121441	95
29.736328473	115
29.748535504	75
29.760742535	75
29.772949567	90
29.785156598	115
29.797363629	65
29.809570661	90
29.821777692	105
29.833984724	100
29.846191755	80
29.858398786	75
29.870605818	60
29.882812849	95
29.895019881	60
29.907226912	100
29.919433943	105
29.931640975	95
29.943848006	95
29.956055038	110
29.968262069	110
29.980469100	100
29.992676132	70
30.004883163	90
30.017090195	90
30.029297226	85
30.041504257	85
30.053711289	90
30.065918320	125
30.078125351	120
30.090332383	85
30.102539414	95
30.114746446	85
30.126953477	85
30.139160508	100
30.151367540	115
30.163574571	110
30.175781603	90
30.187988634	100
30.200195665	75
30.212402697	145
30.224609728	105
30.236816760	80
30.249023791	95
30.261230822	100
30.273437854	40
30.285644885	60
30.297851917	70
30.310058948	75
30.322265979	100
30.334473011	100
30.346680042	100
30.358887074	115
30.371094105	110
30.383301136	65
30.395508168	90
30.407715199	65
30.419922230	110
30.432129262	85
30.444336293	125
30.456543325	90
30.468750356	95
30.480957387	70
30.493164419	65
30.505371450	70
30.517578482	70
30.529785513	65
30.541992544	85
30.554199576	110
30.566406607	90
30.578613639	70
30.590820670	115
30.603027701	85
30.615234733	95
30.627441764	60
30.639648796	90
30.651855827	95
30.664062858	105
30.676269890	90
30.688476921	55
30.700683953	100
30.712890984	100
30.725098015	65
30.737305047	95
30.749512078	95
30.761719109	120
30.773926141	70
30.786133172	95
30.798340204	60
30.810547235	115
30.822754266	90
30.834961298	95
30.847168329	80
30.859375361	75
30.871582392	55
30.883789423	85
30.895996455	80
30.908203486	85
30.920410518	85
30.932617549	90
30.944824580	70
30.957031612	60
30.969238643	85
30.981445675	70
30.993652706	105
31.005859737	80
31.018066769	75
31.030273800	80
31.042480832	75
31.054687863	60
31.066894894	80
31.079101926	100
31.091308957	100
31.103515988	50
31.115723020	110
31.127930051	75
31.140137083	60
31.152344114	85
31.164551145	70
31.176758177	75
31.188965208	50
31.201172240	75
31.213379271	80
31.225586302	75
31.237793334	75
31.250000365	85
31.262207397	110
31.274414428	100
31.286621459	75
31.298828491	30
31.311035522	60
31.323242554	80
31.335449585	75
31.347656616	65
31.359863648	65
31.372070679	65
31.384277711	85
31.396484742	45
31.408691773	115
31.420898805	60
31.433105836	100
31.445312867	50
31.457519899	70
31.469726930	45
31.481933962	95
31.494140993	65
31.506348024	75
31.518555056	75
31.530762087	90
31.542969119	70
31.555176150	65
31.567383181	65
31.579590213	95
31.591797244	45
31.604004276	70
31.616211307	65
31.628418338	60
31.640625370	70
31.652832401	50
31.665039433	85
31.677246464	70
31.689453495	90
31.701660527	50
31.713867558	60
31.726074590	55
31.738281621	40
31.750488652	75
31.762695684	85
31.774902715	60
31.787109746	70
31.799316778	70
31.811523809	95
31.823730841	50
31.835937872	75
31.848144903	70
31.860351935	25
31.872558966	50
31.884765998	80
31.896973029	70
31.909180060	45
31.921387092	55
31.933594123	65
31.945801155	80
31.958008186	55
31.970215217	60
31.982422249	45
31.994629280	45
32.006836312	80
32.019043343	40
32.031250374	60
32.043457406	50
32.055664437	80
32.067871468	85
32.080078500	70
32.092285531	75
32.104492563	60
32.116699594	40
32.128906625	40
32.141113657	45
32.153320688	100
32.165527720	55
32.177734751	70
32.189941782	60
32.202148814	55
32.214355845	90
32.226562877	30
32.238769908	35
32.250976939	30
32.263183971	45
32.275391002	75
32.287598034	75
32.299805065	45
32.312012096	85
32.324219128	80
32.336426159	55
32.348633191	65
32.360840222	55
32.373047253	95
32.385254285	65
32.397461316	55
32.409668347	20
32.421875379	75
32.434082410	55
32.446289442	50
32.458496473	55
32.470703504	50
32.482910536	70
32.495117567	85
32.507324599	65
32.519531630	70
32.531738661	80
32.543945693	45
32.556152724	75
32.568359756	35
32.580566787	50
32.592773818	55
32.604980850	75
32.617187881	50
32.629394913	60
32.641601944	45
32.653808975	50
32.666016007	60
32.678223038	55
32.690430070	65
32.702637101	55
32.714844132	45
32.727051164	65
32.739258195	45
32.751465226	40
32.763672258	80
32.775879289	50
32.788086321	25
32.800293352	40
32.812500383	60
32.824707415	65
32.836914446	40
32.849121478	50
32.861328509	30
32.873535540	75
32.885742572	65
32.897949603	40
32.910156635	30
32.922363666	40
32.934570697	50
32.946777729	40
32.958984760	95
32.971191792	65
32.983398823	40
32.995605854	105
33.007812886	40
33.020019917	65
33.032226949	50
33.044433980	35
33.056641011	25
33.068848043	70
33.081055074	110
33.093262105	55
33.105469137	65
33.117676168	45
33.129883200	55
33.142090231	35
33.154297262	65
33.166504294	45
33.178711325	60
33.190918357	60
33.203125388	25
33.215332419	30
33.227539451	45
33.239746482	35
33.251953514	55
33.264160545	50
33.276367576	20
33.288574608	55
33.300781639	65
33.312988671	25
33.325195702	65
33.337402733	50
33.349609765	45
33.361816796	55
33.374023828	75
33.386230859	45
33.398437890	35
33.410644922	35
33.422851953	45
33.435058984	50
33.447266016	25
33.459473047	15
33.471680079	35
33.483887110	55
33.496094141	65
33.508301173	35
33.520508204	35
33.532715236	65
33.544922267	40
33.557129298	45
33.569336330	30
33.581543361	50
33.593750393	45
33.605957424	45
33.618164455	40
33.630371487	25
33.642578518	85
33.654785550	30
33.666992581	45
33.679199612	45
33.691406644	50
33.703613675	65
33.715820707	50
33.728027738	25
33.740234769	50
33.752441801	30
33.764648832	20
33.776855863	90
33.789062895	55
33.801269926	45
33.813476958	55
33.825683989	50
33.837891020	65
33.850098052	25
33.862305083	45
33.874512115	30
33.886719146	50
33.898926177	65
33.911133209	45
33.923340240	55
33.935547272	40
33.947754303	35
33.959961334	35
33.972168366	25
33.984375397	85
33.996582429	35
34.008789460	30
34.020996491	65
34.033203523	60
34.045410554	45
34.057617586	35
34.069824617	50
34.082031648	30
34.094238680	45
34.106445711	45
34.118652742	35
34.130859774	30
34.143066805	45
34.155273837	25
34.167480868	35
34.179687899	70
34.191894931	25
34.204101962	60
34.216308994	30
34.228516025	30
34.240723056	35
34.252930088	35
34.265137119	55
34.277344151	45
34.289551182	40
34.301758213	40
34.313965245	30
34.326172276	25
34.338379308	30
34.350586339	30
34.362793370	25
34.375000402	50
34.387207433	35
34.399414464	45
34.411621496	25
34.423828527	40
34.436035559	30
34.448242590	45
34.460449621	45
34.472656653	70
34.484863684	45
34.497070716	20
34.509277747	55
34.521484778	30
34.533691810	25
34.545898841	45
34.558105873	30
34.570312904	55
34.582519935	45
34.594726967	55
34.606933998	40
34.619141030	55
34.631348061	45
34.643555092	40
34.655762124	40
34.667969155	40
34.680176187	25
34.692383218	30
34.704590249	55
34.716797281	20
34.729004312	50
34.741211343	45
34.753418375	30
34.765625406	35
34.777832438	55
34.790039469	65
34.802246500	50
34.814453532	30
34.826660563	70
34.838867595	30
34.851074626	55
34.863281657	50
34.875488689	25
34.887695720	35
34.899902752	55
34.912109783	30
34.924316814	40
34.936523846	50
34.948730877	10
34.960937909	55
34.973144940	65
34.985351971	40
34.997559003	25
35.009766034	55
35.021973066	35
35.034180097	60
35.046387128	45
35.058594160	25
35.070801191	70
35.083008222	20
35.095215254	30
35.107422285	35
35.119629317	20
35.131836348	45
35.144043379	75
35.156250411	35
35.168457442	30
35.180664474	25
35.192871505	30
35.205078536	35
35.217285568	10
35.229492599	50
35.241699631	35
35.253906662	15
35.266113693	50
35.278320725	35
35.290527756	25
35.302734788	35
35.314941819	55
35.327148850	50
35.339355882	40
35.351562913	65
35.363769945	20
35.375976976	40
35.388184007	20
35.400391039	25
35.412598070	25
35.424805101	30
35.437012133	20
35.449219164	40
35.461426196	60
35.473633227	20
35.485840258	20
35.498047290	35
35.510254321	25
35.522461353	45
35.534668384	25
35.546875415	30
35.559082447	35
35.571289478	35
35.583496510	45
35.595703541	55
35.607910572	25
35.620117604	20
35.632324635	30
35.644531667	20
35.656738698	25
35.668945729	45
35.681152761	20
35.693359792	40
35.705566824	25
35.717773855	45
35.729980886	45
35.742187918	30
35.754394949	25
35.766601980	30
35.778809012	20
35.791016043	25
35.803223075	30
35.815430106	25
35.827637137	35
35.839844169	35
35.852051200	30
35.864258232	30
35.876465263	20
35.888672294	50
35.900879326	20
35.913086357	75
35.925293389	20
35.937500420	35
35.949707451	60
35.961914483	50
35.974121514	20
35.986328546	10
35.998535577	20
36.010742608	30
36.022949640	35
36.035156671	30
36.047363703	20
36.059570734	30
36.071777765	15
36.083984797	30
36.096191828	50
36.108398859	15
36.120605891	30
36.132812922	30
36.145019954	55
36.157226985	30
36.169434016	55
36.181641048	15
36.193848079	45
36.206055111	55
36.218262142	25
36.230469173	15
36.242676205	40
36.254883236	35
36.267090268	25
36.279297299	55
36.291504330	15
36.303711362	25
36.315918393	10
36.328125425	25
36.340332456	15
36.352539487	25
36.364746519	25
36.376953550	30
36.389160581	30
36.401367613	20
36.413574644	35
36.425781676	55
36.437988707	20
36.450195738	40
36.462402770	35
36.474609801	25
36.486816833	25
36.499023864	20
36.511230895	15
36.523437927	25
36.535644958	20
36.547851990	35
36.560059021	40
36.572266052	10
36.584473084	40
36.596680115	25
36.608887147	30
36.621094178	15
36.633301209	35
36.645508241	30
36.657715272	40
36.669922304	30
36.682129335	50
36.694336366	20
36.706543398	10
36.718750429	30
36.730957460	35
36.743164492	25
36.755371523	40
36.767578555	35
36.779785586	20
36.791992617	10
36.804199649	20
36.816406680	40
36.828613712	5
36.840820743	35
36.853027774	20
36.865234806	35
36.877441837	30
36.889648869	50
36.901855900	30
36.914062931	40
36.926269963	30
36.938476994	15
36.950684026	35
36.962891057	25
36.975098088	70
36.987305120	30
36.999512151	45
37.011719183	30
37.023926214	45
37.036133245	40
37.048340277	35
37.060547308	55
37.072754339	20
37.084961371	10
37.097168402	35
37.109375434	35
37.121582465	35
37.133789496	25
37.145996528	30
37.158203559	20
37.170410591	45
37.182617622	20
37.194824653	30
37.207031685	35
37.219238716	55
37.231445748	20
37.243652779	20
37.255859810	15
37.268066842	5
37.280273873	45
37.292480905	40
37.304687936	10
37.316894967	25
37.329101999	20
37.341309030	35
37.353516062	30
37.365723093	50
37.377930124	40
37.390137156	15
37.402344187	30
37.414551218	10
37.426758250	35
37.438965281	30
37.451172313	25
37.463379344	45
37.475586375	25
37.487793407	30
37.500000438	40
37.512207470	20
37.524414501	20
37.536621532	45
37.548828564	35
37.561035595	20
37.573242627	30
37.585449658	15
37.597656689	30
37.609863721	10
37.622070752	5
37.634277784	30
37.646484815	20
37.658691846	40
37.670898878	50
37.683105909	10
37.695312941	25
37.707519972	25
37.719727003	50
37.731934035	20
37.744141066	15
37.756348097	20
37.768555129	35
37.780762160	20
37.792969192	35
37.805176223	10
37.817383254	25
37.829590286	40
37.841797317	0
37.854004349	25
37.866211380	15
37.878418411	20
37.890625443	30
37.902832474	10
37.915039506	5
37.927246537	15
37.939453568	15
37.951660600	15
37.963867631	10
37.976074663	20
37.988281694	20
38.000488725	25
38.012695757	30
38.024902788	15
38.037109820	5
38.049316851	20
38.061523882	25
38.073730914	20
38.085937945	30
38.098144976	15
38.110352008	30
38.122559039	20
38.134766071	20
38.146973102	30
38.159180133	5
38.171387165	5
38.183594196	15
38.195801228	10
38.208008259	20
38.220215290	60
38.232422322	15
38.244629353	5
38.256836385	15
38.269043416	5
38.281250447	20
38.293457479	35
38.305664510	25
38.317871542	35
38.330078573	10
38.342285604	35
38.354492636	40
38.366699667	35
38.378906698	15
38.391113730	15
38.403320761	5
38.415527793	10
38.427734824	15
38.439941855	15
38.452148887	30
38.464355918	20
38.476562950	10
38.488769981	20
38.500977012	20
38.513184044	10
38.525391075	30
38.537598107	15
38.549805138	15
38.562012169	10
38.574219201	20
38.586426232	30
38.598633264	10
38.610840295	15
38.623047326	10
38.635254358	30
38.647461389	15
38.659668421	10
38.671875452	20
38.684082483	15
38.696289515	20
38.708496546	20
38.720703577	15
38.732910609	5
38.745117640	30
38.757324672	5
38.769531703	20
38.781738734	40
38.793945766	15
38.806152797	20
38.818359829	30
38.830566860	20
38.842773891	25
38.854980923	15
38.867187954	15
38.879394986	10
38.891602017	10
38.903809048	30
38.916016080	20
38.928223111	15
38.940430143	15
38.952637174	25
38.964844205	35
38.977051237	10
38.989258268	30
39.001465300	15
39.013672331	15
39.025879362	10
39.038086394	20
39.050293425	15
39.062500456	10
39.074707488	20
39.086914519	5
39.099121551	15
39.111328582	5
39.123535613	15
39.135742645	5
39.147949676	15
39.160156708	20
39.172363739	15
39.184570770	5
39.196777802	15
39.208984833	10
39.221191865	20
39.233398896	20
39.245605927	15
39.257812959	15
39.270019990	25
39.282227022	10
39.294434053	0
39.306641084	10
39.318848116	20
39.331055147	15
39.343262179	25
39.355469210	30
39.367676241	20
39.379883273	35
39.392090304	20
39.404297335	20
39.416504367	15
39.428711398	15
39.440918430	15
39.453125461	20
39.465332492	5
39.477539524	20
39.489746555	45
39.501953587	15
39.514160618	5
39.526367649	20
39.538574681	20
39.550781712	20
39.562988744	20
39.575195775	10
39.587402806	5
39.599609838	5
39.611816869	25
39.624023901	25
39.636230932	20
39.648437963	10
39.660644995	15
39.672852026	25
39.685059058	10
39.697266089	25
39.709473120	15
39.721680152	15
39.733887183	10
39.746094214	10
39.758301246	10
39.770508277	15
39.782715309	0
39.794922340	15
39.807129371	20
39.819336403	10
39.831543434	15
39.843750466	15
39.855957497	15
39.868164528	10
39.880371560	25
39.892578591	15
39.904785623	10
39.916992654	10
39.929199685	10
39.941406717	10
39.953613748	5
39.965820780	10
39.978027811	10
39.990234842	5
40.002441874	30
40.014648905	15
40.026855937	25
40.039062968	10
40.051269999	5
40.063477031	15
40.075684062	10
40.087891093	15
40.100098125	5
40.112305156	15
40.124512188	20
40.136719219	10
40.148926250	20
40.161133282	15
40.173340313	15
40.185547345	30
40.197754376	35
40.209961407	5
40.222168439	0
40.234375470	0
40.246582502	10
40.258789533	20
40.270996564	30
40.283203596	10
40.295410627	10
40.307617659	20
40.319824690	10
40.332031721	10
40.344238753	20
40.356445784	10
40.368652816	10
40.380859847	20
40.393066878	15
40.405273910	30
40.417480941	10
40.429687972	20
40.441895004	15
40.454102035	15
40.466309067	5
40.478516098	0
40.490723129	25
40.502930161	15
40.515137192	40
40.527344224	10
40.539551255	5
40.551758286	40
40.563965318	25
40.576172349	15
40.588379381	10
40.600586412	25
40.612793443	25
40.625000475	0
40.637207506	15
40.649414538	25
40.661621569	10
40.673828600	20
40.686035632	30
40.698242663	0
40.710449694	0
40.722656726	15
40.734863757	15
40.747070789	10
40.759277820	10
40.771484851	5
40.783691883	5
40.795898914	10
40.808105946	10
40.820312977	20
40.832520008	15
40.844727040	25
40.856934071	10
40.869141103	20
40.881348134	10
40.893555165	20
40.905762197	10
40.917969228	10
40.930176260	5
40.942383291	15
40.954590322	5
40.966797354	5
40.979004385	20
40.991211417	20
41.003418448	15
41.015625479	15
41.027832511	10
41.040039542	5
41.052246573	15
41.064453605	10
41.076660636	10
41.088867668	10
41.101074699	0
41.113281730	15
41.125488762	5
41.137695793	10
41.149902825	10
41.162109856	0
41.174316887	5
41.186523919	30
41.198730950	20
41.210937982	20
41.223145013	5
41.235352044	30
41.247559076	5
41.259766107	10
41.271973139	20
41.284180170	25
41.296387201	15
41.308594233	20
41.320801264	10
41.333008296	10
41.345215327	25
41.357422358	0
41.369629390	10
41.381836421	15
41.394043452	15
41.406250484	10
41.418457515	10
41.430664547	10
41.442871578	5
41.455078609	15
41.467285641	20
41.479492672	20
41.491699704	5
41.503906735	20
41.516113766	15
41.528320798	15
41.540527829	5
41.552734861	15
41.564941892	15
41.577148923	15
41.589355955	20
41.601562986	20
41.613770018	15
41.625977049	10
41.638184080	5
41.650391112	25
41.662598143	15
41.674805175	20
41.687012206	5
41.699219237	5
41.711426269	10
41.723633300	20
41.735840331	15
41.748047363	20
41.760254394	15
41.772461426	10
41.784668457	5
41.796875488	10
41.809082520	10
41.821289551	15
41.833496583	10
41.845703614	5
41.857910645	25
41.870117677	5
41.882324708	10
41.894531740	15
41.906738771	10
41.918945802	15
41.931152834	10
41.943359865	5
41.955566897	10
41.967773928	35
41.979980959	15
41.992187991	0
42.004395022	10
42.016602054	15
42.028809085	5
42.041016116	0
42.053223148	5
42.065430179	20
42.077637210	0
42.089844242	15
42.102051273	15
42.114258305	10
42.126465336	5
42.138672367	10
42.150879399	0
42.163086430	5
42.175293462	5
42.187500493	10
42.199707524	15
42.211914556	20
42.224121587	10
42.236328619	10
42.248535650	5
42.260742681	5
42.272949713	0
42.285156744	15
42.297363776	5
42.309570807	10
42.321777838	5
42.333984870	5
42.346191901	0
42.358398933	15
42.370605964	15
42.382812995	5
42.395020027	15
42.407227058	25
42.419434089	15
42.431641121	5
42.443848152	10
42.456055184	30
42.468262215	10
42.480469246	10
42.492676278	10
42.504883309	10
42.517090341	5
42.529297372	5
42.541504403	15
42.553711435	5
42.565918466	5
42.578125498	5
42.590332529	5
42.602539560	5
42.614746592	25
42.626953623	5
42.639160655	10
42.651367686	5
42.663574717	5
42.675781749	25
42.687988780	10
42.700195811	15
42.712402843	20
42.724609874	5
42.736816906	0
42.749023937	15
42.761230968	5
42.773438000	10
42.785645031	10
42.797852063	30
42.810059094	5
42.822266125	15
42.834473157	0
42.846680188	15
42.858887220	5
42.871094251	10
42.883301282	5
42.895508314	10
42.907715345	5
42.919922377	10
42.932129408	15
42.944336439	10
42.956543471	10
42.968750502	10
42.980957534	10
42.993164565	25
43.005371596	5
43.017578628	10
43.029785659	20
43.041992690	10
43.054199722	10
43.066406753	15
43.078613785	25
43.090820816	15
43.103027847	5
43.115234879	10
43.127441910	15
43.139648942	25
43.151855973	10
43.164063004	10
43.176270036	10
43.188477067	5
43.200684099	0
43.212891130	15
43.225098161	0
43.237305193	5
43.249512224	15
43.261719256	5
43.273926287	5
43.286133318	5
43.298340350	15
43.310547381	15
43.322754413	10
43.334961444	25
43.347168475	30
43.359375507	5
43.371582538	5
43.383789569	25
43.395996601	10
43.408203632	5
43.420410664	5
43.432617695	5
43.444824726	0
43.457031758	10
43.469238789	15
43.481445821	5
43.493652852	5
43.505859883	0
43.518066915	15
43.530273946	15
43.542480978	5
43.554688009	25
43.566895040	5
43.579102072	15
43.591309103	15
43.603516135	0
43.615723166	15
43.627930197	15
43.640137229	0
43.652344260	5
43.664551292	10
43.676758323	5
43.688965354	10
43.701172386	10
43.713379417	5
43.725586448	15
43.737793480	10
43.750000511	20
43.762207543	5
43.774414574	10
43.786621605	5
43.798828637	5
43.811035668	10
43.823242700	5
43.835449731	15
43.847656762	15
43.859863794	5
43.872070825	25
43.884277857	10
43.896484888	0
43.908691919	5
43.920898951	5
43.933105982	30
43.945313014	5
43.957520045	5
43.969727076	5
43.981934108	10
43.994141139	0
44.006348171	25
44.018555202	5
44.030762233	20
44.042969265	10
44.055176296	10
44.067383327	0
44.079590359	5
44.091797390	10
44.104004422	5
44.116211453	15
44.128418484	30
44.140625516	10
44.152832547	5
44.165039579	0
44.177246610	0
44.189453641	5
44.201660673	25
44.213867704	5
44.226074736	10
44.238281767	10
44.250488798	15
44.262695830	10
44.274902861	15
44.287109893	10
44.299316924	15
44.311523955	5
44.323730987	20
44.335938018	30
44.348145050	5
44.360352081	10
44.372559112	5
44.384766144	0
44.396973175	20
44.409180206	5
44.421387238	10
44.433594269	10
44.445801301	10
44.458008332	10
44.470215363	10
44.482422395	10
44.494629426	15
44.506836458	10
44.519043489	15
44.531250520	5
44.543457552	10
44.555664583	10
44.567871615	25
44.580078646	10
44.592285677	0
44.604492709	10
44.616699740	10
44.628906772	0
44.641113803	0
44.653320834	10
44.665527866	5
44.677734897	5
44.689941929	10
44.702148960	10
44.714355991	5
44.726563023	10
44.738770054	15
44.750977085	5
44.763184117	5
44.775391148	5
44.787598180	0
44.799805211	20
44.812012242	15
44.824219274	5
44.836426305	5
44.848633337	5
44.860840368	0
44.873047399	0
44.885254431	0
44.897461462	0
44.909668494	10
44.921875525	15
44.934082556	0
44.946289588	0
44.958496619	15
44.970703651	15
44.982910682	10
44.995117713	0
45.007324745	0
45.019531776	5
45.031738807	15
45.043945839	5
45.056152870	5
45.068359902	15
45.080566933	5
45.092773964	10
45.104980996	0
45.117188027	5
45.129395059	5
45.141602090	5
45.153809121	0
45.166016153	5
45.178223184	5
45.190430216	5
45.202637247	0
45.214844278	10
45.227051310	10
45.239258341	15
45.251465373	0
45.263672404	10
45.275879435	10
45.288086467	10
45.300293498	10
45.312500530	30
45.324707561	0
45.336914592	10
45.349121624	5
45.361328655	0
45.373535686	5
45.385742718	25
45.397949749	5
45.410156781	0
45.422363812	0
45.434570843	10
45.446777875	0
45.458984906	15
45.471191938	5
45.483398969	5
45.495606000	15
45.507813032	10
45.520020063	15
45.532227095	5
45.544434126	10
45.556641157	15
45.568848189	0
45.581055220	10
45.593262252	10
45.605469283	5
45.617676314	10
45.629883346	5
45.642090377	5
45.654297409	5
45.666504440	10
45.678711471	5
45.690918503	5
45.703125534	10
45.715332565	0
45.727539597	15
45.739746628	15
45.751953660	15
45.764160691	5
45.776367722	10
45.788574754	15
45.800781785	0
45.812988817	10
45.825195848	0
45.837402879	5
45.849609911	0
45.861816942	10
45.874023974	10
45.886231005	5
45.898438036	5
45.910645068	15
45.922852099	10
45.935059131	20
45.947266162	5
45.959473193	5
45.971680225	15
45.983887256	10
45.996094288	0
46.008301319	10
46.020508350	0
46.032715382	0
46.044922413	0
46.057129444	0
46.069336476	0
46.081543507	10
46.093750539	10
46.105957570	0
46.118164601	0
46.130371633	10
46.142578664	10
46.154785696	5
46.166992727	15
46.179199758	0
46.191406790	0
46.203613821	0
46.215820853	15
46.228027884	15
46.240234915	5
46.252441947	10
46.264648978	15
46.276856010	15
46.289063041	0
46.301270072	10
46.313477104	10
46.325684135	0
46.337891167	5
46.350098198	25
46.362305229	0
46.374512261	0
46.386719292	15
46.398926323	0
46.411133355	5
46.423340386	5
46.435547418	5
46.447754449	5
46.459961480	5
46.472168512	0
46.484375543	0
46.496582575	10
46.508789606	0
46.520996637	5
46.533203669	0
46.545410700	5
46.557617732	0
46.569824763	0
46.582031794	5
46.594238826	10
46.606445857	10
46.618652889	0
46.630859920	15
46.643066951	5
46.655273983	5
46.667481014	0
46.679688046	5
46.691895077	5
46.704102108	0
46.716309140	5
46.728516171	5
46.740723202	0
46.752930234	0
46.765137265	5
46.777344297	10
46.789551328	10
46.801758359	5
46.813965391	5
46.826172422	5
46.838379454	5
46.850586485	0
46.862793516	10
46.875000548	5
46.887207579	5
46.899414611	15
46.911621642	5
46.923828673	10
46.936035705	10
46.948242736	0
46.960449768	5
46.972656799	5
46.984863830	0
46.997070862	5
47.009277893	10
47.021484924	0
47.033691956	10
47.045898987	5
47.058106019	5
47.070313050	0
47.082520081	10
47.094727113	10
47.106934144	5
47.119141176	10
47.131348207	5
47.143555238	0
47.155762270	10
47.167969301	10
47.180176333	25
47.192383364	5
47.204590395	10
47.216797427	5
47.229004458	10
47.241211490	10
47.253418521	5
47.265625552	5
47.277832584	10
47.290039615	5
47.302246647	0
47.314453678	0
47.326660709	0
47.338867741	0
47.351074772	5
47.363281803	5
47.375488835	15
47.387695866	0
47.399902898	0
47.412109929	15
47.424316960	0
47.436523992	0
47.448731023	5
47.460938055	10
47.473145086	0
47.485352117	5
47.497559149	0
47.509766180	5
47.521973212	10
47.534180243	10
47.546387274	15
47.558594306	5
47.570801337	5
47.583008369	5
47.595215400	5
47.607422431	15
47.619629463	20
47.631836494	30
47.644043526	10
47.656250557	10
47.668457588	15
47.680664620	0
47.692871651	5
47.705078682	5
47.717285714	5
47.729492745	0
47.741699777	0
47.753906808	0
47.766113839	5
47.778320871	10
47.790527902	0
47.802734934	10
47.814941965	10
47.827148996	0
47.839356028	5
47.851563059	5
47.863770091	0
47.875977122	0
47.888184153	15
47.900391185	5
47.912598216	5
47.924805248	0
47.937012279	0
47.949219310	10
47.961426342	10
47.973633373	5
47.985840405	20
47.998047436	5
48.010254467	10
48.022461499	5
48.034668530	5
48.046875561	5
48.059082593	0
48.071289624	5
48.083496656	25
48.095703687	5
48.107910718	10
48.120117750	10
48.132324781	15
48.144531813	0
48.156738844	5
48.168945875	0
48.181152907	5
48.193359938	5
48.205566970	15
48.217774001	5
48.229981032	0
48.242188064	5
48.254395095	5
48.266602127	10
48.278809158	0
48.291016189	5
48.303223221	5
48.315430252	5
48.327637284	10
48.339844315	0
48.352051346	5
48.364258378	0
48.376465409	5
48.388672440	10
48.400879472	10
48.413086503	10
48.425293535	0
48.437500566	0
48.449707597	0
48.461914629	0
48.474121660	5
48.486328692	0
48.498535723	10
48.510742754	0
48.522949786	5
48.535156817	10
48.547363849	0
48.559570880	10
48.571777911	10
48.583984943	10
48.596191974	0
48.608399006	10
48.620606037	10
48.632813068	0
48.645020100	10
48.657227131	5
48.669434163	15
48.681641194	20
48.693848225	10
48.706055257	15
48.718262288	15
48.730469319	0
48.742676351	0
48.754883382	0
48.767090414	5
48.779297445	0
48.791504476	15
48.803711508	10
48.815918539	5
48.828125571	10
48.840332602	10
48.852539633	0
48.864746665	10
48.876953696	0
48.889160728	5
48.901367759	0
48.913574790	0
48.925781822	0
48.937988853	0
48.950195885	0
48.962402916	0
48.974609947	0
48.986816979	15
48.999024010	0
49.011231042	5
49.023438073	10
49.035645104	5
49.047852136	10
49.060059167	5
49.072266198	10
49.084473230	0
49.096680261	5
49.108887293	10
49.121094324	0
49.133301355	15
49.145508387	15
49.157715418	10
49.169922450	0
49.182129481	0
49.194336512	0
49.206543544	5
49.218750575	0
49.230957607	5
49.243164638	5
49.255371669	10
49.267578701	5
49.279785732	15
49.291992764	10
49.304199795	5
49.316406826	0
49.328613858	5
49.340820889	0
49.353027920	0
49.365234952	10
49.377441983	0
49.389649015	0
49.401856046	5
49.414063077	10
49.426270109	10
49.438477140	10
49.450684172	0
49.462891203	0
49.475098234	5
49.487305266	10
49.499512297	10
49.511719329	5
49.523926360	0
49.536133391	0
49.548340423	5
49.560547454	0
49.572754486	10
49.584961517	10
49.597168548	5
49.609375580	5
49.621582611	5
49.633789643	0
49.645996674	0
49.658203705	0
49.670410737	0
49.682617768	0
49.694824799	5
49.707031831	10
49.719238862	0
49.731445894	5
49.743652925	0
49.755859956	10
49.768066988	0
49.780274019	5
49.792481051	0
49.804688082	0
49.816895113	5
49.829102145	0
49.841309176	0
49.853516208	15
49.865723239	0
49.877930270	5
49.890137302	0
49.902344333	10
49.914551365	5
49.926758396	0
49.938965427	5
49.951172459	0
49.963379490	0
49.975586522	5
49.987793553	5
